@1100
9C FF 78 F6 CE FF 1E FB 00 00 00 00 32 00 CE 04
64 00 C4 09 96 00 8C 0E C8 00 5B 13 FA 00 42 18
2C 01 FA 1C 5E 01 CB 21 90 01 69 26 C2 01 2C 2B
F4 01 CE 2F 9E 02 98 3F 48 03 16 4F E8 03 6B 5D
9C 04 D9 6D FF 7F 00 00 01 CC 01 D8 00 14 01 F0
00 3C 00 28 01 E4 01 A0 00 6C 00 78 01 B4 00 50
01 9C 01 88 00 44 03 02 01 00 07 06 05 04 00 0F
18 10 10 18 0F 00 00 80 C0 40 40 C0 80 00 00 08
08 1F 00 00 00 00 00 40 40 C0 40 40 00 00 00 08
10 11 11 12 0C 00 00 40 C0 40 40 40 C0 00 00 08
10 12 12 12 0D 00 00 80 40 40 40 40 80 00 00 01
02 04 08 1F 00 00 00 80 80 80 A0 E0 80 00 00 1C
14 14 14 14 13 00 00 80 40 40 40 40 80 00 00 07
1A 12 12 12 01 00 00 80 40 40 40 40 80 00 00 18
10 13 14 18 10 00 00 00 00 C0 00 00 00 00 00 0D
12 12 12 12 0D 00 00 80 40 40 40 40 80 00 00 0C
12 12 12 0A 0F 00 00 00 40 40 40 C0 00 00 00 07
08 10 10 08 07 00 00 F0 08 04 04 08 F0 00 00 08
08 1F 00 00 00 00 00 04 04 FC 04 04 00 00 00 0E
10 10 10 11 0E 00 00 0C 14 24 44 84 0C 00 00 0C
10 11 11 12 0C 00 00 18 04 04 04 88 70 00 00 00
03 04 08 1F 00 00 00 E0 20 24 24 FC 24 00 00 1F
10 11 11 10 10 00 00 98 84 04 04 88 70 00 00 07
08 11 11 18 00 00 00 F0 88 04 04 88 70 00 00 1C
10 10 13 1C 10 00 00 00 00 FC 00 00 00 00 00 0E
11 10 10 11 0E 00 00 38 44 84 84 44 38 00 00 07
08 10 10 08 07 00 00 00 8C 44 44 88 F0 00 00 00
00 0F 00 00 00 00 80 80 80 F8 80 80 80 00 00 00
00 00 00 00 00 00 00 80 80 80 80 80 80 80 02 02
01 0F 01 02 02 00 40 40 80 F0 80 40 40 00 00 00
00 00 01 06 18 20 00 06 18 60 80 00 00 00 00 00
00 03 03 00 00 00 00 00 00 0C 0C 00 00 00 00 0E
12 10 10 10 0F 00 00 00 00 0C 6C 80 00 00 00 00
00 1F 00 00 00 00 00 00 00 CC 0C 00 00 00 03 0C
13 14 17 08 07 00 E0 18 E4 24 C4 28 D0 00 00 00
00 00 00 00 00 00 00 0C 0C 00 00 00 00 00 00 0F
10 11 0E 00 00 00 78 84 C4 24 98 E4 84 08 00 00
03 1C 07 00 00 00 04 3C C4 40 40 E4 1C 04 10 1F
11 11 11 0E 00 00 04 FC 04 04 04 88 70 00 03 0C
10 10 10 10 1C 00 E0 18 04 04 04 08 10 00 10 1F
10 10 10 08 07 00 04 FC 04 04 04 08 F0 00 10 1F
11 11 17 10 08 00 04 FC 04 04 C4 04 18 00 10 1F
11 11 17 10 08 00 04 FC 04 00 C0 00 00 00 03 0C
10 10 10 1C 00 00 E0 18 04 04 44 78 40 00 10 1F
10 00 00 10 1F 10 04 FC 84 80 80 84 FC 04 00 10
10 1F 10 10 00 00 00 04 04 FC 04 04 00 00 00 00
10 10 1F 10 10 00 03 01 01 01 FE 00 00 00 10 1F
11 03 14 18 10 00 04 FC 04 80 64 1C 04 00 10 1F
10 00 00 00 00 00 04 FC 04 04 04 04 0C 00 10 1F
1F 00 1F 1F 10 00 04 FC 00 FC 00 FC 04 00 10 1F
0C 03 00 10 1F 10 04 FC 04 00 E0 18 FC 00 07 08
10 10 10 08 07 00 F0 08 04 04 04 08 F0 00 10 1F
10 10 10 10 0F 00 04 FC 84 80 80 80 00 00 07 08
10 10 10 08 07 00 F0 18 24 24 1C 0A F2 00 10 1F
11 11 11 11 0E 00 04 FC 04 00 C0 30 0C 04 00 0E
11 10 10 10 1C 00 00 1C 04 84 84 44 38 00 18 10
10 1F 10 10 18 00 00 00 04 FC 04 00 00 00 10 1F
10 00 00 10 1F 10 00 F8 04 04 04 04 F8 00 10 1E
11 00 00 13 1C 10 00 00 E0 1C 70 80 00 00 1F 10
00 1F 00 10 1F 00 C0 3C E0 00 E0 3C C0 00 10 18
16 01 01 16 18 10 04 0C 34 C0 C0 34 0C 04 10 1C
13 00 13 1C 10 00 00 00 04 FC 04 00 00 00 08 10
10 10 13 1C 10 00 04 1C 64 84 04 04 18 00 00 00
00 00 00 00 00 00 00 00 00 00 00 00 00 00 00 00
00 00 00 00 00 00 00 00 00 00 00 00 00 00 00 00
00 00 00 00 00 00 00 00 00 00 00 00 00 00 00 00
00 01 03 07 0F 1F 1F 0F 07 03 01 00 00 00 00 00
00 80 C0 E0 F0 F8 F8 F0 E0 C0 80 00 00 00 04 04
14 34 55 D6 1C 35 24 26 65 34 04 04 00 00 40 42
A2 AA 4A 52 94 24 24 48 48 90 D0 60 40 00 08 49
2A 1C FF 1C 2A 4A 01 0F F8 48 08 0F 08 00 42 42
54 74 C8 58 64 40 02 04 C8 30 CC 06 04 00 02 82
73 20 00 01 02 7D 41 41 41 7D 03 02 02 00 00 00
FE 04 09 01 02 C2 34 08 08 34 C2 03 02 00 00 04
F4 95 95 F5 97 9D 95 F5 95 95 F4 04 00 00 01 01
01 FF 55 55 55 55 55 55 55 FF 01 01 01 00 08 84
61 0E 00 7E 52 52 52 52 52 7E 00 00 00 00 40 7F
80 02 FE 82 82 FE 82 82 FE 82 82 FE 02 00 00 00
3F 20 24 24 3F A5 65 25 3F 24 24 24 20 00 01 06
F8 01 01 42 62 54 48 48 54 64 42 03 02 00 04 84
77 20 00 00 FF 94 95 FD 95 95 80 FF 00 00 00 00
F8 11 22 0C F0 00 F0 20 20 F2 01 FE 00 00 10 11
16 FF 14 12 00 11 16 90 70 10 15 12 11 00 40 80
00 FF 00 02 42 84 64 18 18 64 86 03 02 00 00 08
08 1F 00 00 00 00 00 00 00 03 03 00 00 00 00 04
04 FC 04 04 00 00 00 00 00 0C 0C 00 00 00 22 2F
F2 27 22 26 09 19 29 C9 28 19 10 0B 08 00 20 20
20 FF 40 40 FF 52 51 FE 00 FC 01 FF 00 00 00 00
00 00 80 C1 6E 18 06 01 00 00 00 00 00 00 02 04
08 10 60 80 00 00 00 00 C0 20 18 0C 08 00 00 01
01 01 01 01 01 01 01 01 01 01 01 03 01 00 00 00
00 00 00 00 00 00 00 00 00 00 00 00 00 00 00 0E
10 10 10 11 0E 00 00 00 00 03 03 00 00 00 00 0C
14 24 44 84 0C 00 00 00 00 0C 0C 00 00 00 22 2F
F2 27 22 26 09 19 29 C9 28 19 10 0B 08 00 20 20
20 FF 40 40 FF 52 51 FE 00 FC 01 FF 00 00 00 00
00 00 80 C1 6E 18 06 01 00 00 00 00 00 00 02 04
08 10 60 80 00 00 00 00 C0 20 18 0C 08 00 00 00
20 20 20 20 20 20 20 20 20 60 20 00 00 00 00 08
08 08 08 08 08 08 08 08 08 08 08 18 08 00 00 0C
10 11 11 12 0C 00 00 00 00 03 03 00 00 00 00 18
04 04 04 88 70 00 00 00 00 0C 0C 00 00 00 22 2F
F2 27 22 26 09 19 29 C9 28 19 10 0B 08 00 20 20
20 FF 40 40 FF 52 51 FE 00 FC 01 FF 00 00 00 00
00 00 80 C1 6E 18 06 01 00 00 00 00 00 00 02 04
08 10 60 80 00 00 00 00 C0 20 18 0C 08 00 00 20
21 21 21 21 21 21 21 21 21 21 21 20 00 00 00 04
04 04 04 04 04 04 04 04 04 04 04 04 04 00 00 00
03 04 08 1F 00 00 00 00 00 03 03 00 00 00 00 E0
20 24 24 FC 24 00 00 00 00 0C 0C 00 00 00 00 7F
40 48 49 49 49 49 49 49 49 48 40 7F 00 00 00 FF
00 00 F8 10 10 10 10 10 F8 02 01 FE 00 00 00 00
00 00 00 00 00 00 00 00 00 00 00 00 00 00 00 00
00 00 00 00 00 00 00 00 00 00 00 00 00 00 00 3F
22 22 22 3F 08 09 08 08 08 FF 08 08 08 00 00 E0
20 20 20 E0 00 00 C0 02 01 FE 00 00 00 00 00 30
20 AA AA AA A1 FE A1 AA AA AA A0 30 20 00 20 20
20 50 50 90 54 33 14 98 90 40 60 40 40 00 00 00
00 07 04 04 04 FC 24 24 24 2F 24 00 00 00 00 02
0C E0 48 46 40 50 48 46 40 F0 08 06 00 00 01 02
0F F4 40 20 27 25 2D F5 65 25 27 20 00 00 00 00
FF 00 02 02 FE 52 52 52 52 52 FE 02 02 00 08 08
0B FF 0A 09 04 44 44 44 47 44 44 44 04 00 20 C0
00 FF 00 90 20 C0 02 01 FE 00 80 60 38 00 00 08
30 25 24 24 A4 67 24 24 24 24 28 30 20 00 02 04
18 E0 10 08 04 FE 42 42 42 42 02 02 00 00 08 86
60 07 20 25 25 F7 25 25 27 F5 25 25 24 00 10 1F
E0 00 00 FF 10 E0 28 10 E0 22 11 FE 00 00 00 00
3F 20 24 24 3F A5 65 25 3F 24 24 24 20 00 01 06
F8 01 01 42 62 54 48 48 54 64 42 03 02 00 01 02
0F F4 40 20 27 25 2D F5 65 25 27 20 00 00 00 00
FF 00 02 02 FE 52 52 52 52 52 FE 02 02 00 08 08
0B FF 0A 09 04 44 44 44 47 44 44 44 04 00 20 C0
00 FF 00 90 20 C0 02 01 FE 00 80 60 38 00 00 08
30 25 24 24 A4 67 24 24 24 24 28 30 20 00 02 04
18 E0 10 08 04 FE 42 42 42 42 02 02 00 00 00 00
00 00 00 01 02 04 09 12 24 48 90 20 40 00 00 00
00 00 00 00 80 40 20 90 48 24 12 09 04 00 22 2F
F2 27 22 26 09 19 29 C9 28 19 10 0B 08 00 20 20
20 FF 40 40 FF 52 51 FE 00 FC 01 FF 00 00 00 00
00 00 80 C1 6E 18 06 01 00 00 00 00 00 00 02 04
08 10 60 80 00 00 00 00 C0 20 18 0C 08 00 00 01
01 01 01 01 01 01 01 01 01 01 01 03 01 00 00 00
00 00 00 00 00 00 00 00 00 00 00 00 00 00 08 08
0B FF 0A 09 04 44 44 44 47 44 44 44 04 00 20 C0
00 FF 00 90 20 C0 02 01 FE 00 80 60 38 00 00 08
30 25 24 24 A4 67 24 24 24 24 28 30 20 00 02 04
18 E0 10 08 04 FE 42 42 42 42 02 02 00 00 40 20
90 48 24 12 09 04 02 01 00 00 00 00 00 00 04 09
12 24 48 90 20 40 80 00 00 00 00 00 00 00 00 00
00 00 00 01 02 04 09 12 24 48 90 20 40 00 00 00
00 00 00 00 80 40 20 90 48 24 12 09 04 00 22 2F
F2 27 22 26 09 19 29 C9 28 19 10 0B 08 00 20 20
20 FF 40 40 FF 52 51 FE 00 FC 01 FF 00 00 00 00
00 00 80 C1 6E 18 06 01 00 00 00 00 00 00 02 04
08 10 60 80 00 00 00 00 C0 20 18 0C 08 00 00 00
20 20 20 20 20 20 20 20 20 60 20 00 00 00 00 08
08 08 08 08 08 08 08 08 08 08 08 18 08 00 08 08
0B FF 0A 09 04 44 44 44 47 44 44 44 04 00 20 C0
00 FF 00 90 20 C0 02 01 FE 00 80 60 38 00 00 08
30 25 24 24 A4 67 24 24 24 24 28 30 20 00 02 04
18 E0 10 08 04 FE 42 42 42 42 02 02 00 00 40 20
90 48 24 12 09 04 02 01 00 00 00 00 00 00 04 09
12 24 48 90 20 40 80 00 00 00 00 00 00 00 00 00
00 00 00 01 02 04 09 12 24 48 90 20 40 00 00 00
00 00 00 00 80 40 20 90 48 24 12 09 04 00 22 2F
F2 27 22 26 09 19 29 C9 28 19 10 0B 08 00 20 20
20 FF 40 40 FF 52 51 FE 00 FC 01 FF 00 00 00 00
00 00 80 C1 6E 18 06 01 00 00 00 00 00 00 02 04
08 10 60 80 00 00 00 00 C0 20 18 0C 08 00 00 20
21 21 21 21 21 21 21 21 21 21 21 20 00 00 00 04
04 04 04 04 04 04 04 04 04 04 04 04 04 00 08 08
0B FF 0A 09 04 44 44 44 47 44 44 44 04 00 20 C0
00 FF 00 90 20 C0 02 01 FE 00 80 60 38 00 00 08
30 25 24 24 A4 67 24 24 24 24 28 30 20 00 02 04
18 E0 10 08 04 FE 42 42 42 42 02 02 00 00 40 20
90 48 24 12 09 04 02 01 00 00 00 00 00 00 04 09
12 24 48 90 20 40 80 00 00 00 00 00 00 00 00 00
00 00 00 01 02 04 09 12 24 48 90 20 40 00 00 00
00 00 00 00 80 40 20 90 48 24 12 09 04 00 22 2F
F2 27 22 26 09 19 29 C9 28 19 10 0B 08 00 20 20
20 FF 40 40 FF 52 51 FE 00 FC 01 FF 00 00 00 00
00 00 80 C1 6E 18 06 01 00 00 00 00 00 00 02 04
08 10 60 80 00 00 00 00 C0 20 18 0C 08 00 08 08
0B FF 0A 09 04 44 44 44 47 44 44 44 04 00 20 C0
00 FF 00 90 20 C0 02 01 FE 00 80 60 38 00 00 08
30 25 24 24 A4 67 24 24 24 24 28 30 20 00 02 04
18 E0 10 08 04 FE 42 42 42 42 02 02 00 00 40 20
90 48 24 12 09 04 02 01 00 00 00 00 00 00 04 09
12 24 48 90 20 40 80 00 00 00 00 00 00 00 3C 3C
3C FF FF FF FF FF FF FF FF FF FF FF FF FF FF FF
FF FF FF FF FF FF FF FF FF FF FF FF FF FF 3C 3C
3C FF FF 81 81 81 81 81 81 81 81 FF FF FF FF FF
FF FF FF FF FF FF FF FF FF FF FF FF FF FF 3C 3C
3C FF FF 81 81 81 81 81 81 81 81 81 81 81 81 81
81 81 81 81 81 81 81 81 81 81 81 81 FF FF 3C 3C
3C FF FF 81 81 81 81 81 81 81 81 81 81 81 81 81
81 81 81 81 FF FF FF FF FF FF FF FF FF FF 00 02
42 42 42 42 42 7F 43 42 42 42 42 42 02 00 02 02
04 08 10 20 C0 00 FC 02 02 02 02 02 0E 00 02 06
1A E3 46 00 09 09 09 FF 09 49 39 29 01 00 04 44
C4 48 48 48 04 04 08 C8 30 28 44 02 1F 00 08 84
61 0E 00 7E 52 52 52 52 52 7E 00 00 00 00 40 7F
80 02 FE 82 82 FE 82 82 FE 82 82 FE 02 00 00 21
22 2C 24 20 BF 60 60 3F 20 28 24 27 22 00 81 01
01 82 82 E4 94 88 88 94 E4 82 03 02 02 00 10 1E
11 00 00 13 1C 10 00 00 E0 1C 70 80 00 00 00 00
01 01 01 01 00 00 00 F8 44 44 44 44 C8 00 01 01
01 00 01 01 01 00 04 04 FC 84 04 00 80 00 00 00
00 00 00 00 00 00 00 00 00 00 00 00 00 00 00 08
08 1F 00 00 00 00 00 04 04 FC 04 04 00 00 00 00
00 00 00 00 00 00 00 0C 0C 00 00 00 00 00 00 0E
10 10 10 11 0E 00 00 0C 14 24 44 84 0C 00 10 1F
1F 00 1F 1F 10 00 04 FC 00 FC 00 FC 04 00 00 7F
21 1D 3F 01 05 39 00 3F 22 22 23 42 42 00 00 FE
12 62 FE 82 62 12 06 F8 00 00 FE 00 00 00 00 06
1A 63 06 18 08 08 F8 0F 49 29 29 01 00 00 00 24
64 A4 24 C8 8A 84 84 88 68 18 24 42 06 00 00 20
20 2E 2A 2A 2A EA 2A 2A 2A 2A 2E 20 20 00 00 7E
80 80 98 A4 A4 A4 A4 A4 A4 9E 80 FE 00 00 04 42
62 21 00 11 52 3C 10 10 10 1C 74 12 11 00 00 02
0C 70 02 7E 42 42 7E 42 7E 42 42 7E 02 00 00 03
1F E0 00 3F 42 42 42 42 7F 42 42 42 02 00 80 00
FE 00 00 FC 02 04 08 08 C6 38 04 02 1E 00 04 42
62 21 00 11 52 3C 10 10 10 1C 74 12 11 00 00 02
0C 70 02 7E 42 42 7E 42 7E 42 42 7E 02 00 00 7F
7F 7F 7C 70 60 40 00 00 00 00 00 00 00 00 00 FE
FE FE 3E 0E 06 02 00 00 00 00 00 00 00 00 02 82
63 00 00 7F 52 52 53 52 52 7E 01 00 00 00 02 04
F8 04 02 FA 12 22 02 82 42 B2 1A 02 02 00 00 00
00 00 00 00 00 00 00 00 00 00 00 00 00 00 00 00
00 00 00 00 00 00 00 00 00 00 00 00 00 00 00 00
3F 02 02 02 02 FF 02 02 02 02 02 3F 00 00 00 00
7E 04 04 04 04 FC 04 04 04 04 04 7E 00 00 00 00
00 00 00 00 00 40 60 70 7C 7F 7F 7F 00 00 00 00
00 00 00 00 00 02 06 0E 3E FE FE FE 00 00 00 20
21 23 25 39 E1 21 2F 21 21 21 21 21 00 00 20 20
20 20 20 20 20 20 FF 20 20 20 20 20 20 00 00 1F
80 60 00 0F 49 49 49 49 4F 40 40 7F 00 00 00 FF
00 00 00 E0 20 20 20 20 E0 02 01 FE 00 00 02 02
02 FA 8B 8A 8A 8A 8A 8A 8A FA 02 02 02 00 00 00
00 40 E0 40 40 44 42 41 42 7C 00 00 00 00 00 00
00 00 00 00 00 00 00 00 00 00 00 00 00 00 00 00
6C 6C 00 00 00 00 00 00 00 00 00 00 00 00 04 44
54 55 55 55 55 FD 55 55 55 55 54 44 04 00 00 01
01 FA 02 04 08 F0 08 08 04 F7 02 00 00 00 01 02
0C 3F E1 41 21 21 21 3F 41 41 41 41 01 00 00 00
00 FE 00 04 04 04 04 FC 04 04 04 04 04 00 00 7F
40 40 48 44 44 42 41 46 78 50 40 40 00 00 00 FC
04 0C 14 24 44 84 04 84 64 3C 14 04 00 00 00 00
00 00 00 00 00 00 00 00 00 00 00 00 00 00 00 00
6C 6C 00 00 00 00 00 00 00 00 00 00 00 00 42 42
7F 42 42 07 00 FF 00 42 42 7F 42 42 42 00 08 08
F0 11 92 04 18 E0 04 04 04 FC 04 04 04 00 00 04
1C E5 46 18 00 7F 44 44 44 44 7F 00 00 00 00 44
C4 44 48 48 04 FC 44 44 44 44 FC 04 04 00 02 02
02 FA 8B 8A 8A 8A 8A 8A 8A FA 02 02 02 00 00 00
00 40 E0 40 40 44 42 41 42 7C 00 00 00 00 00 00
00 00 00 00 00 00 00 00 00 00 00 00 00 00 00 00
6C 6C 00 00 00 00 00 00 00 00 00 00 00 00 08 08
FF 08 09 22 25 3D E5 25 35 2D 25 22 22 00 08 08
F0 10 10 00 20 F0 20 20 22 21 3E 00 00 00 02 02
02 FA 8B 8A 8A 8A 8A 8A 8A FA 02 02 02 00 00 00
00 40 E0 40 40 44 42 41 42 7C 00 00 00 00 00 00
00 00 00 00 00 00 00 00 00 00 00 00 00 00 00 00
6C 6C 00 00 00 00 00 00 00 00 00 00 00 00 08 08
08 FF 09 02 08 7F 00 00 7F 08 08 08 08 00 20 22
41 FE 10 90 90 FF 00 00 FF 90 90 90 10 00 02 02
02 FA 8B 8A 8A 8A 8A 8A 8A FA 02 02 02 00 00 00
00 40 E0 40 40 44 42 41 42 7C 00 00 00 00 00 00
00 00 00 00 00 00 00 00 00 00 00 00 00 00 00 00
6C 6C 00 00 00 00 00 00 00 00 00 00 00 00 00 34
24 29 2E 32 A2 6F 22 22 32 2A 2A 34 24 00 00 40
C0 5F 52 52 52 D2 52 52 52 5F 40 40 40 00 02 02
02 FA 8B 8A 8A 8A 8A 8A 8A FA 02 02 02 00 00 00
00 40 E0 40 40 44 42 41 42 7C 00 00 00 00 00 00
00 00 00 00 00 00 00 00 00 00 00 00 00 00 00 00
6C 6C 00 00 00 00 00 00 00 00 00 00 00 00 01 02
0C 3F E0 50 15 15 95 75 55 15 15 10 10 00 00 00
00 FE 00 00 7E 44 44 44 44 44 7E 00 00 00 02 42
33 00 20 20 A7 6D 35 25 65 A7 20 20 00 00 02 04
F8 04 02 02 FA 52 52 52 52 FA 02 02 02 00 00 00
00 00 00 00 00 00 00 00 00 00 00 00 00 00 00 00
6C 6C 00 00 00 00 00 00 00 00 00 00 00 00 00 20
20 20 3F 20 28 28 08 09 FE 08 08 0F 00 00 20 30
20 20 C0 42 44 88 30 C4 04 06 04 F8 00 00 00 30
28 25 20 26 AC 75 26 24 28 25 28 20 20 00 10 50
90 10 10 50 D0 7F 50 D0 30 10 90 50 10 00 00 00
00 00 00 00 00 00 00 00 00 00 00 00 00 00 00 00
6C 6C 00 00 00 00 00 00 00 00 00 00 00 00 00 21
21 29 25 21 21 4B 45 41 45 59 41 01 01 00 04 04
08 08 10 20 40 FF 80 40 20 10 18 0C 08 00 10 11
16 FF 12 11 00 92 72 12 1F 32 D2 12 10 00 40 80
00 FF 00 00 20 20 20 20 FF 20 20 20 20 00 00 00
00 00 00 00 00 00 00 00 00 00 00 00 00 00 00 00
6C 6C 00 00 00 00 00 00 00 00 00 00 00 00 00 00
40 40 40 40 40 7F 40 40 40 40 40 40 00 00 04 04
04 04 04 04 04 FC 04 04 04 04 04 04 04 00 01 02
04 1F E0 44 18 30 DF 12 12 12 16 12 10 00 00 00
00 FF 00 00 00 00 FF 20 20 20 20 60 20 00 00 00
00 00 00 00 00 00 00 00 00 00 00 00 00 00 00 00
6C 6C 00 00 00 00 00 00 00 00 00 00 00 00 01 02
0C 3F E0 50 15 15 95 75 55 15 15 10 10 00 00 00
00 FE 00 00 7E 44 44 44 44 44 7E 00 00 00 02 42
33 00 20 20 A7 6D 35 25 65 A7 20 20 00 00 02 04
F8 04 02 02 FA 52 52 52 52 FA 02 02 02 00 00 00
20 20 20 20 20 20 20 20 20 60 20 00 00 00 00 08
08 08 08 08 08 08 08 08 08 08 08 18 08 00 00 00
00 00 00 00 00 00 00 00 00 00 00 00 00 00 00 00
6C 6C 00 00 00 00 00 00 00 00 00 00 00 00 00 00
30 2B 37 08 10 10 10 10 10 18 3C 00 00 00 00 00
00 C0 F0 18 08 08 08 08 08 10 30 00 00 00 00 00
00 00 00 00 00 00 00 00 00 00 00 00 00 00 00 00
00 00 00 00 00 00 00 00 00 00 00 00 00 00 00 00
00 00 00 00 00 00 00 00 00 00 00 00 00 00 00 00
00 00 00 00 00 00 00 00 00 00 00 00 00 00 00 08
7F 08 0A 22 24 2A 32 62 22 32 2A 24 22 02 04 04
F8 10 A0 80 80 E2 A2 A2 A2 A2 A2 9C 80 00 00 00
30 2B 37 08 10 10 10 10 10 18 3C 00 00 00 00 00
00 C0 F0 18 08 08 08 08 08 10 30 00 00 00 00 00
00 00 00 00 00 00 00 00 00 00 00 00 00 00 00 00
00 00 00 00 00 00 00 00 00 00 00 00 00 00 00 00
00 00 00 00 00 00 00 00 00 00 00 00 00 00 00 00
00 00 00 00 00 00 00 00 00 00 00 00 00 00 00 10
10 FF 10 00 11 11 7F 00 00 7F 11 11 11 00 00 42
42 FE 80 10 10 10 FE 00 00 FE 10 10 10 00 00 00
30 2B 37 08 10 10 10 10 10 18 3C 00 00 00 00 00
00 C0 F0 18 08 08 08 08 08 10 30 00 00 00 00 00
00 00 00 00 00 00 00 00 00 00 00 00 00 00 00 00
00 00 00 00 00 00 00 00 00 00 00 00 00 00 00 00
00 00 00 00 00 00 00 00 00 00 00 00 00 00 00 00
00 00 00 00 00 00 00 00 00 00 00 00 00 00 00 3C
25 2A 2E 32 22 67 22 32 2A 2E 26 26 38 00 00 C0
4C 52 52 52 52 D2 52 52 52 52 52 5E 40 00 00 04
08 10 E1 51 4A 44 44 4A 71 41 00 00 00 00 40 40
80 FF 52 52 52 7E 52 52 52 FF 80 C0 80 00 01 02
07 19 E2 45 19 E1 41 01 E1 91 0D 06 04 00 00 00
FE 00 02 02 04 18 E0 00 04 06 FC 00 00 00 00 00
00 00 7E 12 12 12 12 12 12 12 12 33 10 00 00 20
20 20 20 20 20 20 20 24 62 22 04 F8 00 00 0E 00
FF 10 0C 10 13 FD 10 1F 10 10 13 10 10 00 00 00
FF 08 12 62 84 04 98 E0 60 90 0C 06 04 00 00 08
10 20 DF 55 55 55 55 55 55 55 5F 40 00 00 00 01
09 12 22 E4 54 48 48 54 54 62 42 03 02 00 00 08
08 1F 00 00 00 00 00 00 00 03 03 00 00 00 00 04
04 FC 04 04 00 00 00 00 00 0C 0C 00 00 00 00 04
08 10 E1 51 4A 44 44 4A 71 41 00 00 00 00 40 40
80 FF 52 52 52 7E 52 52 52 FF 80 C0 80 00 01 02
07 19 E2 45 19 E1 41 01 E1 91 0D 06 04 00 00 00
FE 00 02 02 04 18 E0 00 04 06 FC 00 00 00 00 0E
10 10 10 11 0E 00 00 00 00 03 03 00 00 00 00 0C
14 24 44 84 0C 00 00 00 00 0C 0C 00 00 00 0E 00
FF 10 0C 10 13 FD 10 1F 10 10 13 10 10 00 00 00
FF 08 12 62 84 04 98 E0 60 90 0C 06 04 00 00 08
10 20 DF 55 55 55 55 55 55 55 5F 40 00 00 00 01
09 12 22 E4 54 48 48 54 54 62 42 03 02 00 00 40
40 43 40 40 40 40 7F 41 41 41 41 41 40 00 04 04
04 FC 04 04 04 04 FC 04 04 04 04 04 04 00 00 20
20 23 26 39 E1 21 21 27 21 21 21 21 20 00 20 40
80 FE 00 04 04 04 04 FC 04 04 04 04 04 00 00 08
08 08 88 78 28 0F 08 18 E8 48 18 08 00 00 80 81
82 84 88 90 A0 C0 A0 90 8C 86 83 82 80 00 10 10
13 FF 12 11 10 00 7F 40 40 40 7F 00 00 00 20 C0
00 FF 00 82 0C 30 C0 00 00 00 FC 02 1E 00 00 03
03 00 00 00 03 03 00 00 00 03 03 00 00 00 00 00
00 00 00 00 00 00 00 00 00 00 00 00 00 00 00 03
03 00 00 00 03 03 00 00 00 03 03 00 00 00 00 00
00 00 00 00 00 00 00 00 00 00 00 00 00 00 04 04
14 34 55 D6 1C 35 24 26 65 34 04 04 00 00 40 42
A2 AA 4A 52 94 24 24 48 48 90 D0 60 40 00 08 49
2A 1C FF 1C 2A 4A 01 0F F8 48 08 0F 08 00 42 42
54 74 C8 58 64 40 02 04 C8 30 CC 06 04 00 00 00
00 00 00 00 00 7F 02 02 02 02 02 00 00 00 00 02
02 02 02 02 02 FE 02 02 02 02 02 06 02 00 10 10
11 FF 12 14 00 FF 83 82 82 92 8A F3 00 00 80 82
01 FE 00 00 00 FF 02 C4 28 38 CC 06 04 00 00 06
08 10 10 09 06 00 00 00 00 00 00 00 00 00 00 00
00 00 FA 00 00 00 00 00 00 00 00 00 00 00 04 04
14 34 55 D6 1C 35 24 26 65 34 04 04 00 00 40 42
A2 AA 4A 52 94 24 24 48 48 90 D0 60 40 00 08 49
2A 1C FF 1C 2A 4A 01 0F F8 48 08 0F 08 00 42 42
54 74 C8 58 64 40 02 04 C8 30 CC 06 04 00 00 00
00 00 00 00 00 7F 02 02 02 02 02 00 00 00 00 02
02 02 02 02 02 FE 02 02 02 02 02 06 02 00 10 10
11 FF 12 14 00 FF 83 82 82 92 8A F3 00 00 80 82
01 FE 00 00 00 FF 02 C4 28 38 CC 06 04 00 00 03
03 00 00 00 03 03 00 00 00 03 03 00 00 00 00 00
00 00 00 00 00 00 00 00 00 00 00 00 00 00 00 03
03 00 00 00 03 03 00 00 00 03 03 00 00 00 00 00
00 00 00 00 00 00 00 00 00 00 00 00 00 00 00 01
02 02 04 04 08 08 10 10 20 20 40 40 00 00 00 00
80 80 40 40 20 20 10 10 08 08 04 04 00 00 02 42
32 23 00 44 55 55 55 FD 55 55 55 44 04 00 00 00
00 FE 04 08 FF 50 50 50 52 51 FE 00 00 00 00 48
49 4E FF 8A 81 4F 39 09 F9 09 19 2F 40 00 10 60
80 00 FF 00 00 FF 20 20 20 22 21 FE 00 00 02 04
1F E0 4F 10 50 5F 52 53 52 72 52 12 10 00 00 00
FE 00 F0 42 C4 48 70 C0 60 58 4C 46 44 00 00 40
40 20 20 10 10 08 08 04 04 02 02 01 00 00 00 04
04 08 08 10 10 20 20 40 40 80 80 00 00 00 08 08
08 FF 09 0A 19 11 11 97 71 11 11 19 11 00 40 42
81 FE 00 02 02 64 A4 18 10 68 8C 06 04 00 00 00
00 7F 40 40 40 00 08 84 61 06 3E 6A AB 2A 00 00
00 FE 02 02 02 00 20 3E C2 84 98 E0 A2 A1 3E 04
1F E8 09 0E 08 00 08 06 80 63 0C 04 24 24 BE 04
C8 30 CC 06 04 00 20 20 FF 00 00 00 7F 42 24 3F
44 44 44 44 04 00 02 0C F7 14 14 22 26 3B 42 C2
42 42 7F 00 00 00 80 80 FE 84 8A 44 28 F0 08 2A
FF 2A 2A 3E 08 00 00 40 40 40 7F 00 00 00 28 A4
FC A2 A2 A2 22 00 00 02 02 02 FE 00 00 00 00 00
00 00 00 00 00 7F 02 02 02 02 02 00 00 00 00 02
02 02 02 02 02 FE 02 02 02 02 02 06 02 00 10 10
11 FF 12 14 00 FF 83 82 82 92 8A F3 00 00 80 82
01 FE 00 00 00 FF 02 C4 28 38 CC 06 04 00 04 04
14 34 55 D6 1C 35 24 26 65 34 04 04 00 00 40 42
A2 AA 4A 52 94 24 24 48 48 90 D0 60 40 00 08 49
2A 1C FF 1C 2A 4A 01 0F F8 48 08 0F 08 00 42 42
54 74 C8 58 64 40 02 04 C8 30 CC 06 04 00 0E 00
FF 10 0C 10 13 FD 10 1F 10 10 13 10 10 00 00 00
FF 08 12 62 84 04 98 E0 60 90 0C 06 04 00 00 08
10 20 DF 55 55 55 55 55 55 55 5F 40 00 00 00 01
09 12 22 E4 54 48 48 54 54 62 42 03 02 00 00 00
3F 10 10 10 10 FF 10 10 10 10 3F 10 00 00 00 00
E0 40 40 40 40 FF 40 40 40 40 E0 00 00 00 00 03
03 00 00 00 03 03 00 00 00 03 03 00 00 00 00 00
00 00 00 00 00 00 00 00 00 00 00 00 00 00 00 03
03 00 00 00 03 03 00 00 00 03 03 00 00 00 00 00
00 00 00 00 00 00 00 00 00 00 00 00 00 00 31 40
00 0A 3C 40 A2 02 3D 40 CF 00 B0 12 98 73 B0 12
CC 43 B0 12 BE 73 0A 12 7C 80 28 00 02 20 30 40
BC 38 7C 80 20 00 0B 24 7C 80 18 00 02 20 30 40
9E 30 7C 82 02 20 30 40 9C 3C 30 40 E6 3C C2 43
DF 02 5E 42 DE 02 7E 80 31 00 42 24 5E 83 40 24
5E 83 3E 24 5E 83 3C 24 5E 83 3A 24 5E 83 38 24
5E 83 36 24 5E 83 55 24 5E 83 DC 24 5E 83 DA 24
5E 83 70 24 7E 80 65 00 57 25 5E 83 55 25 5E 83
53 25 5E 83 51 25 5E 83 4F 25 5E 83 4D 25 5E 83
4B 25 5E 83 49 25 5E 83 47 25 5E 83 45 25 5E 83
43 25 7E 80 06 00 02 25 5E 83 00 25 5E 83 FE 24
5E 83 13 25 7E 80 0D 00 F9 24 5E 83 F7 24 7E 80
30 00 F4 24 5E 83 F2 24 5E 83 F0 24 30 40 E6 3C
5F 42 E7 02 4F 4F FF 90 09 00 E8 02 02 28 30 40
E6 3C 5F 42 E7 02 4F 4F DF 53 E8 02 5F 43 5E 42
E7 02 4E 4E 5E 4E E8 02 5D 42 E6 02 5C 42 E7 02
4C 5C 4C 5C 4C 5C 7C 50 48 00 B0 12 2E 67 30 40
E6 3C 5F 42 E7 02 4F 4F FF 90 07 00 E8 02 02 28
30 40 E6 3C 5F 42 E7 02 4F 4F DF 53 E8 02 5F 43
5E 42 E7 02 4E 4E 5E 4E E8 02 5D 42 E6 02 5C 42
E7 02 4C 5C 4C 5C 4C 5C 7C 50 48 00 B0 12 2E 67
30 40 E6 3C E2 93 E7 02 20 20 5F 42 E7 02 4F 4F
EF 93 E8 02 02 28 30 40 E6 3C 5F 42 E7 02 4F 4F
DF 53 E8 02 5F 43 5E 42 E7 02 4E 4E 5E 4E E8 02
5D 42 E6 02 5C 42 E7 02 4C 5C 4C 5C 4C 5C 7C 50
48 00 B0 12 2E 67 30 40 E6 3C E2 93 EA 02 21 20
5F 42 E7 02 4F 4F FF 90 03 00 E8 02 02 28 30 40
E6 3C 5F 42 E7 02 4F 4F DF 53 E8 02 5F 43 5E 42
E7 02 4E 4E 5E 4E E8 02 5D 42 E6 02 5C 42 E7 02
4C 5C 4C 5C 4C 5C 7C 50 48 00 B0 12 2E 67 30 40
E6 3C 5F 42 E7 02 4F 4F FF 90 09 00 E8 02 02 28
30 40 E6 3C 5F 42 E7 02 4F 4F DF 53 E8 02 5F 43
5E 42 E7 02 4E 4E 5E 4E E8 02 5D 42 E6 02 5C 42
E7 02 4C 5C 4C 5C 4C 5C 7C 50 48 00 B0 12 2E 67
30 40 E6 3C C2 93 E7 02 20 20 5F 42 E7 02 4F 4F
DF 93 E8 02 02 28 30 40 E6 3C 5F 42 E7 02 4F 4F
DF 53 E8 02 5F 43 5E 42 E7 02 4E 4E 5E 4E E8 02
5D 42 E6 02 5C 42 E7 02 4C 5C 4C 5C 4C 5C 7C 50
48 00 B0 12 2E 67 30 40 E6 3C 5F 42 E7 02 4F 4F
FF 90 09 00 E8 02 02 28 30 40 E6 3C 5F 42 E7 02
4F 4F DF 53 E8 02 5F 43 5E 42 E7 02 4E 4E 5E 4E
E8 02 5D 42 E6 02 5C 42 E7 02 4C 5C 4C 5C 4C 5C
7C 50 48 00 B0 12 2E 67 30 40 E6 3C D2 53 DE 02
3F 40 FE 14 5E 43 5D 42 E6 02 4C 43 B0 12 6E 61
F2 50 FE 00 E6 02 3F 40 1E 15 5E 43 5D 42 E6 02
4C 43 B0 12 6E 61 30 40 E6 3C D2 53 DE 02 5C 43
B0 12 9A 6D 7C 40 03 00 B0 12 9A 6D 7C 40 05 00
B0 12 9A 6D 7C 40 07 00 B0 12 9A 6D 3F 40 BE 17
6E 42 7D 40 07 00 7C 40 14 00 B0 12 6E 61 F2 40
07 00 E6 02 3F 40 1E 15 5E 43 5D 42 E6 02 4C 43
B0 12 6E 61 30 40 E6 3C A2 53 CE 02 F2 90 A3 00
DE 02 5D 20 5C 43 B0 12 9A 6D 7C 40 03 00 B0 12
9A 6D 7C 40 05 00 B0 12 9A 6D 7C 40 07 00 B0 12
9A 6D 3F 40 3E 21 7E 40 03 00 7D 40 07 00 7C 40
14 00 B0 12 6E 61 3F 40 9E 21 7E 40 03 00 7D 40
05 00 7C 40 14 00 B0 12 6E 61 3F 40 FE 21 7E 40
03 00 7D 40 03 00 7C 40 14 00 B0 12 6E 61 3F 40
5E 22 7E 40 03 00 5D 43 7C 40 14 00 B0 12 6E 61
3F 40 1E 15 5E 43 7D 40 07 00 4C 43 B0 12 6E 61
F2 40 07 00 E6 02 6E 43 1D 42 08 02 7C 40 07 00
B0 12 E2 65 6E 43 1D 42 0A 02 7C 40 05 00 B0 12
E2 65 6E 43 1D 42 0C 02 7C 40 03 00 B0 12 E2 65
6E 43 1D 42 0E 02 5C 43 B0 12 E2 65 74 3C F2 90
A7 00 DE 02 5D 20 5C 43 B0 12 9A 6D 7C 40 03 00
B0 12 9A 6D 7C 40 05 00 B0 12 9A 6D 7C 40 07 00
B0 12 9A 6D 3F 40 BE 22 7E 40 03 00 7D 40 07 00
7C 40 14 00 B0 12 6E 61 3F 40 1E 23 7E 40 03 00
7D 40 05 00 7C 40 14 00 B0 12 6E 61 3F 40 7E 23
7E 40 03 00 7D 40 03 00 7C 40 14 00 B0 12 6E 61
3F 40 DE 23 6E 42 5D 43 7C 40 14 00 B0 12 6E 61
3F 40 1E 15 5E 43 7D 40 07 00 4C 43 B0 12 6E 61
F2 40 07 00 E6 02 5E 43 1D 42 10 02 7C 40 07 00
B0 12 E2 65 6E 42 1D 42 12 02 7C 40 05 00 B0 12
E2 65 6E 42 1D 42 14 02 7C 40 03 00 B0 12 E2 65
7E 40 03 00 1D 42 16 02 5C 43 B0 12 E2 65 13 3C
3F 40 FE 14 5E 43 5D 42 E6 02 4C 43 B0 12 6E 61
F2 50 FE 00 E6 02 3F 40 1E 15 5E 43 5D 42 E6 02
4C 43 B0 12 6E 61 D2 53 DE 02 30 40 E6 3C C2 43
DF 02 5E 42 DE 02 4E 83 94 24 7E 80 31 00 B5 24
5E 83 B3 24 5E 83 B1 24 5E 83 AF 24 5E 83 AD 24
5E 83 AB 24 5E 83 A9 24 5E 83 A7 24 5E 83 A5 24
5E 83 A3 24 5E 83 A1 24 7E 80 58 00 02 20 30 40
F4 37 5E 83 02 20 30 40 10 38 5E 83 02 20 30 40
F4 37 5E 83 02 20 30 40 10 38 5E 83 02 20 30 40
F4 37 5E 83 02 20 30 40 10 38 5E 83 02 20 30 40
F4 37 5E 83 02 20 30 40 10 38 7E 80 06 00 02 20
30 40 6C 38 5E 83 02 20 30 40 76 35 5E 83 02 20
30 40 76 35 5E 83 02 20 30 40 76 35 5E 83 02 20
30 40 76 35 5E 83 02 20 30 40 76 35 5E 83 02 20
30 40 76 35 5E 83 02 20 30 40 76 35 5E 83 02 20
30 40 76 35 5E 83 02 20 30 40 76 35 5E 83 02 20
30 40 76 35 5E 83 FF 25 7E 80 05 00 02 20 30 40
6C 38 5E 83 02 20 30 40 0A 36 5E 83 02 20 30 40
0A 36 5E 83 02 20 30 40 0A 36 5E 83 02 20 30 40
0A 36 7E 80 0C 00 02 20 30 40 6C 38 5E 83 02 20
30 40 C4 36 5E 83 02 20 30 40 4C 37 7E 80 2F 00
DA 24 5E 83 34 25 5E 83 75 25 5E 83 B9 25 30 40
E6 3C F2 40 55 00 DD 02 F2 40 F1 00 DE 02 5C 43
B0 12 9A 6D 7C 40 03 00 B0 12 9A 6D 7C 40 05 00
B0 12 9A 6D 7C 40 07 00 B0 12 9A 6D B0 12 32 6D
F2 40 07 00 E6 02 3F 40 1E 15 5E 43 7D 40 07 00
4C 43 B0 12 6E 61 30 40 E6 3C F2 90 03 00 E7 02
26 2C D2 53 E7 02 4F 43 5E 42 E7 02 4E 4E 5E 4E
E7 02 5D 42 E6 02 5C 42 E7 02 4C 5C 4C 5C 4C 5C
7C 50 40 00 B0 12 2E 67 5F 43 5E 42 E7 02 4E 4E
5E 4E E8 02 5D 42 E6 02 5C 42 E7 02 4C 5C 4C 5C
4C 5C 7C 50 48 00 B0 12 2E 67 30 40 E6 3C 4F 43
5E 42 EB 02 5D 42 E6 02 5C 42 E7 02 4C 5C 4C 5C
4C 5C 7C 50 48 00 B0 12 2E 67 3F 40 1E 15 5E 43
5D 42 E6 02 4C 43 B0 12 6E 61 3D 40 B6 02 5C 43
B0 12 8A 66 5E 42 DE 02 8E 11 3E 80 31 00 46 38
3E 90 0B 00 43 2C 0E 5E 10 4E BC 32 10 33 10 33
10 33 10 33 10 33 10 33 1C 33 1C 33 D2 32 E4 32
10 33 82 93 B6 02 32 24 1F 42 CE 02 9F 42 B6 02
00 00 2C 3C 82 93 B6 02 05 24 1F 42 CE 02 9F 42
B6 02 00 00 82 43 BC 02 1F 42 14 02 0E 4F 0F 5F
0E 5F 0F 5F 0E 5F 0F 5F 0F 5E 82 4F BE 02 16 3C
1F 42 CE 02 9F 42 B6 02 00 00 10 3C 1F 42 CE 02
9F 92 B6 02 00 00 0A 24 1F 42 CE 02 9F 42 B6 02
00 00 82 43 BC 02 F2 40 55 00 68 03 7E 40 40 00
3D 40 00 10 3C 40 00 02 B0 12 08 71 3F 40 09 1A
3F 53 FE 2F 7E 40 40 00 3D 40 00 10 3C 40 00 02
B0 12 10 72 3F 40 09 1A 3F 53 FE 2F F2 50 70 00
DE 02 30 40 E6 3C F2 40 A1 00 DE 02 5C 43 B0 12
9A 6D 7C 40 03 00 B0 12 9A 6D 7C 40 05 00 B0 12
9A 6D 7C 40 07 00 B0 12 9A 6D 3F 40 1E 1F 7E 40
05 00 7D 40 07 00 7C 40 14 00 B0 12 6E 61 3F 40
BE 1F 6E 42 7D 40 05 00 7C 40 14 00 B0 12 6E 61
3F 40 3E 20 6E 42 7D 40 03 00 7C 40 14 00 B0 12
6E 61 3F 40 BE 20 6E 42 5D 43 7C 40 14 00 B0 12
6E 61 3F 40 1E 15 5E 43 7D 40 05 00 4C 43 B0 12
6E 61 F2 40 05 00 E6 02 B2 40 02 02 CE 02 7E 40
03 00 1D 42 02 02 7C 40 05 00 B0 12 E2 65 5E 43
1D 42 04 02 7C 40 03 00 B0 12 E2 65 7E 40 03 00
1D 42 06 02 5C 43 B0 12 E2 65 30 40 E6 3C F2 40
B1 00 DE 02 5C 43 B0 12 9A 6D 7C 40 03 00 B0 12
9A 6D 7C 40 05 00 B0 12 9A 6D 7C 40 07 00 B0 12
9A 6D 3F 40 1E 1F 7E 40 05 00 7D 40 07 00 7C 40
14 00 B0 12 6E 61 3F 40 3E 16 6E 42 7D 40 05 00
7C 40 14 00 B0 12 6E 61 3F 40 BE 16 6E 42 7D 40
03 00 7C 40 14 00 B0 12 6E 61 3F 40 3E 17 6E 42
5D 43 7C 40 14 00 B0 12 6E 61 F2 40 05 00 E6 02
3F 40 1E 15 5E 43 7D 40 05 00 4C 43 B0 12 6E 61
30 40 E6 3C F2 40 C0 00 DE 02 5C 43 B0 12 9A 6D
7C 40 03 00 B0 12 9A 6D 7C 40 05 00 B0 12 9A 6D
7C 40 07 00 B0 12 9A 6D 3F 40 DE 25 7E 40 05 00
7D 40 07 00 7C 40 10 00 B0 12 6E 61 3F 40 1E 1F
7E 40 05 00 7D 40 05 00 7C 40 18 00 B0 12 6E 61
3F 40 7E 26 7E 40 03 00 7D 40 03 00 7C 40 18 00
B0 12 6E 61 3F 40 DE 26 7E 40 03 00 5D 43 7C 40
18 00 B0 12 6E 61 F2 40 05 00 E6 02 3F 40 1E 15
5E 43 7D 40 05 00 4C 43 B0 12 6E 61 30 40 E6 3C
7E 40 40 00 3D 40 00 10 3C 40 00 02 B0 12 10 72
7E 40 21 00 3D 40 80 10 3C 40 80 02 B0 12 10 72
B0 12 9E 4F C2 43 DE 02 F2 40 11 00 DD 02 82 43
BC 02 30 40 E6 3C 3F 40 FE 14 5E 43 5D 42 E6 02
4C 43 B0 12 6E 61 1F 42 CE 02 A2 4F B6 02 5E 42
DE 02 8E 11 3E 80 A1 FF 1D 38 3E 90 0B 00 1A 2C
0E 5E 10 4E A6 35 C2 35 CE 35 C2 35 C8 35 CE 35
C8 35 C8 35 CE 35 BC 35 BC 35 C8 35 C2 43 E7 02
09 3C D2 43 E7 02 06 3C E2 43 E7 02 03 3C F2 40
03 00 E7 02 F2 50 90 00 DE 02 3D 40 B6 02 4C 43
B0 12 8A 66 5F 43 5E 42 E7 02 4E 4E 5E 4E E8 02
5D 42 E6 02 5C 42 E7 02 4C 5C 4C 5C 4C 5C 7C 50
48 00 B0 12 2E 67 30 40 E6 3C 7C 40 07 00 B0 12
9A 6D 7C 40 05 00 B0 12 9A 6D 7C 40 03 00 B0 12
9A 6D 5C 43 B0 12 9A 6D F2 90 B1 00 DE 02 0A 20
3F 40 7E 19 7E 40 07 00 7D 40 07 00 4C 43 B0 12
6E 61 25 3C F2 90 B2 00 DE 02 0A 20 3F 40 5E 1A
7E 40 07 00 7D 40 07 00 4C 43 B0 12 6E 61 17 3C
F2 90 B3 00 DE 02 0A 20 3F 40 3E 1B 7E 40 07 00
7D 40 07 00 4C 43 B0 12 6E 61 09 3C 3F 40 1E 1C
7E 40 06 00 7D 40 07 00 7C 42 B0 12 6E 61 5E 42
DE 02 4E 5E 7E 50 31 00 C2 4E DE 02 3F 40 FE 14
5E 43 5D 42 E6 02 4C 43 B0 12 6E 61 3F 40 3E 18
7E 40 05 00 7D 40 03 00 7C 40 14 00 B0 12 6E 61
30 40 E6 3C 1C 42 D0 02 B0 12 C0 6C 7E 40 40 00
3D 40 00 10 3C 40 00 02 B0 12 08 71 3F 40 09 1A
3F 53 FE 2F 7E 40 40 00 3D 40 00 10 3C 40 00 02
B0 12 10 72 3F 40 09 1A 3F 53 FE 2F 7E 40 21 00
3D 40 80 10 3C 40 80 02 B0 12 08 71 3F 40 09 1A
3F 53 FE 2F 7E 40 21 00 3D 40 80 10 3C 40 80 02
B0 12 10 72 3F 40 09 1A 3F 53 FE 2F F2 40 F4 00
DE 02 B0 12 32 6D D2 43 E6 02 3F 40 1E 15 5E 43
5D 43 4C 43 B0 12 6E 61 30 40 E6 3C 7E 40 1E 00
3D 40 22 10 3C 40 22 02 B0 12 10 72 1C 42 D0 02
B0 12 5E 6E 7E 40 40 00 3D 40 00 10 3C 40 00 02
B0 12 08 71 3F 40 09 1A 3F 53 FE 2F 7E 40 40 00
3D 40 00 10 3C 40 00 02 B0 12 10 72 3F 40 09 1A
3F 53 FE 2F 7E 40 21 00 3D 40 80 10 3C 40 80 02
B0 12 08 71 3F 40 09 1A 3F 53 FE 2F 7E 40 21 00
3D 40 80 10 3C 40 80 02 B0 12 10 72 3F 40 09 1A
3F 53 FE 2F 82 43 BC 02 F2 40 55 00 68 03 F2 40
55 00 6A 03 F2 40 F4 00 DE 02 B0 12 32 6D D2 43
E6 02 3F 40 1E 15 5E 43 5D 43 4C 43 B0 12 6E 61
30 40 E6 3C D2 53 DE 02 3F 40 DE 18 7E 40 05 00
7D 40 03 00 7C 40 14 00 B0 12 6E 61 30 40 E6 3C
F2 40 F4 00 DE 02 C2 43 9E 02 C2 43 9F 02 C2 43
A0 02 7E 40 21 00 3D 40 80 10 3C 40 80 02 B0 12
08 71 3F 40 09 1A 3F 53 FE 2F 7E 40 21 00 3D 40
80 10 3C 40 80 02 B0 12 10 72 3F 40 09 1A 3F 53
FE 2F B0 12 32 6D D2 43 E6 02 3F 40 1E 15 5E 43
5D 43 4C 43 B0 12 6E 61 30 40 E6 3C F2 40 F4 00
DE 02 7E 40 40 00 3D 40 00 10 3C 40 00 02 B0 12
08 71 3F 40 09 1A 3F 53 FE 2F 7E 40 40 00 3D 40
00 10 3C 40 00 02 B0 12 10 72 3F 40 09 1A 3F 53
FE 2F B0 12 32 6D D2 43 E6 02 3F 40 1E 15 5E 43
5D 43 4C 43 B0 12 6E 61 30 40 E6 3C C2 43 DF 02
5E 42 DE 02 7E 80 31 00 41 24 5E 83 3F 24 5E 83
3D 24 5E 83 3B 24 5E 83 39 24 5E 83 37 24 5E 83
35 24 5E 83 33 24 5E 83 4E 24 5E 83 4C 24 5E 83
2D 24 7E 80 66 00 04 25 5E 83 02 25 5E 83 00 25
5E 83 FE 24 5E 83 FC 24 5E 83 FA 24 5E 83 F8 24
5E 83 F6 24 5E 83 F4 24 5E 83 F2 24 5E 83 F0 24
7E 80 06 00 98 24 5E 83 96 24 5E 83 94 24 5E 83
A7 24 7E 80 0D 00 8F 24 5E 83 8D 24 7E 80 30 00
8A 24 5E 83 88 24 5E 83 86 24 CD 3D 5F 42 E7 02
4F 4F DF 93 E8 02 C7 29 5F 42 E7 02 4F 4F FF 53
E8 02 5F 43 5E 42 E7 02 4E 4E 5E 4E E8 02 5D 42
E6 02 5C 42 E7 02 4C 5C 4C 5C 4C 5C 7C 50 48 00
B0 12 2E 67 B0 3D F2 90 03 00 E7 02 47 20 5E 42
E8 02 4E 4E 5F 42 E9 02 4F 4F 0E 5F 5F 42 EA 02
4F 4F 0E 5F 0E 93 1D 20 5F 42 E7 02 4F 4F EF 93
E8 02 99 29 5F 42 E7 02 4F 4F FF 53 E8 02 5F 43
5E 42 E7 02 4E 4E 5E 4E E8 02 5D 42 E6 02 5C 42
E7 02 4C 5C 4C 5C 4C 5C 7C 50 48 00 B0 12 2E 67
82 3D 5F 42 E7 02 4F 4F DF 93 E8 02 7C 29 5F 42
E7 02 4F 4F FF 53 E8 02 5F 43 5E 42 E7 02 4E 4E
5E 4E E8 02 5D 42 E6 02 5C 42 E7 02 4C 5C 4C 5C
4C 5C 7C 50 48 00 B0 12 2E 67 65 3D 5F 42 E7 02
4F 4F DF 93 E8 02 5F 29 5F 42 E7 02 4F 4F FF 53
E8 02 5F 43 5E 42 E7 02 4E 4E 5E 4E E8 02 5D 42
E6 02 5C 42 E7 02 4C 5C 4C 5C 4C 5C 7C 50 48 00
B0 12 2E 67 48 3D F2 53 DE 02 3F 40 FE 14 5E 43
5D 42 E6 02 4C 43 B0 12 6E 61 E2 53 E6 02 3F 40
1E 15 5E 43 5D 42 E6 02 4C 43 B0 12 6E 61 33 3D
F2 53 DE 02 5C 43 B0 12 9A 6D 7C 40 03 00 B0 12
9A 6D 7C 40 05 00 B0 12 9A 6D 7C 40 07 00 B0 12
9A 6D 3F 40 1E 1F 7E 40 05 00 7D 40 07 00 7C 40
14 00 B0 12 6E 61 3F 40 3E 16 6E 42 7D 40 05 00
7C 40 14 00 B0 12 6E 61 3F 40 BE 16 6E 42 7D 40
03 00 7C 40 14 00 B0 12 6E 61 3F 40 3E 17 6E 42
5D 43 7C 40 14 00 B0 12 6E 61 D2 43 E6 02 3F 40
1E 15 5E 43 5D 42 E6 02 4C 43 B0 12 6E 61 F3 3C
B2 50 FE FF CE 02 F2 90 A4 00 DE 02 53 20 5C 43
B0 12 9A 6D 7C 40 03 00 B0 12 9A 6D 7C 40 05 00
B0 12 9A 6D 7C 40 07 00 B0 12 9A 6D 3F 40 1E 1F
7E 40 05 00 7D 40 07 00 7C 40 14 00 B0 12 6E 61
3F 40 BE 1F 6E 42 7D 40 05 00 7C 40 14 00 B0 12
6E 61 3F 40 3E 20 6E 42 7D 40 03 00 7C 40 14 00
B0 12 6E 61 3F 40 BE 20 6E 42 5D 43 7C 40 14 00
B0 12 6E 61 3F 40 1E 15 5E 43 5D 43 4C 43 B0 12
6E 61 7E 40 03 00 1D 42 02 02 7C 40 05 00 B0 12
E2 65 5E 43 1D 42 04 02 7C 40 03 00 B0 12 E2 65
7E 40 03 00 1D 42 06 02 5C 43 B0 12 E2 65 D2 43
E6 02 71 3C F2 90 A8 00 DE 02 5B 20 5C 43 B0 12
9A 6D 7C 40 03 00 B0 12 9A 6D 7C 40 05 00 B0 12
9A 6D 7C 40 07 00 B0 12 9A 6D 3F 40 3E 21 7E 40
03 00 7D 40 07 00 7C 40 14 00 B0 12 6E 61 3F 40
9E 21 7E 40 03 00 7D 40 05 00 7C 40 14 00 B0 12
6E 61 3F 40 FE 21 7E 40 03 00 7D 40 03 00 7C 40
14 00 B0 12 6E 61 3F 40 5E 22 7E 40 03 00 5D 43
7C 40 14 00 B0 12 6E 61 3F 40 1E 15 5E 43 5D 43
4C 43 B0 12 6E 61 6E 43 1D 42 08 02 7C 40 07 00
B0 12 E2 65 6E 43 1D 42 0A 02 7C 40 05 00 B0 12
E2 65 6E 43 1D 42 0C 02 7C 40 03 00 B0 12 E2 65
6E 43 1D 42 0E 02 5C 43 B0 12 E2 65 D2 43 E6 02
12 3C 3F 40 FE 14 5E 43 5D 42 E6 02 4C 43 B0 12
6E 61 E2 53 E6 02 3F 40 1E 15 5E 43 5D 42 E6 02
4C 43 B0 12 6E 61 F2 53 DE 02 25 3C F2 90 55 00
DD 02 21 20 B2 53 B2 02 82 93 B2 02 1C 20 B2 40
EE 02 B2 02 C2 43 DF 02 7E 40 40 00 3D 40 00 10
3C 40 00 02 B0 12 10 72 7E 40 21 00 3D 40 80 10
3C 40 80 02 B0 12 10 72 B0 12 9E 4F F2 40 11 00
DD 02 C2 43 DE 02 3A 41 30 41 0A 12 0B 12 08 12
09 12 0B 4C 09 4D 08 4E C2 43 65 03 5E 4B 01 00
7E 80 30 00 02 20 30 40 3A 43 7E 82 EA 24 7E 80
B8 00 02 24 30 40 AE 43 FB 90 30 00 09 00 56 20
D8 4B 0A 00 1A 00 D8 4B 0B 00 1B 00 D8 4B 0C 00
1C 00 D8 4B 0D 00 1D 00 D8 4B 0E 00 1E 00 D8 4B
0F 00 1F 00 D8 4B 11 00 10 00 DB 98 16 00 10 00
04 20 F2 40 55 00 58 03 06 3C D8 4B 10 00 0E 00
F2 40 55 00 6E 03 F2 90 5A 00 5A 03 02 24 30 40
AE 43 F8 90 A9 00 00 00 02 24 30 40 AE 43 F2 40
11 00 5A 03 7E 40 1E 00 3D 40 22 10 3C 40 22 02
B0 12 10 72 4A 43 01 3C 5A 53 7A 90 06 00 02 28
30 40 AE 43 4A 4A 0F 48 0F 5A 4A 4A 0E 48 0E 5A
DF 9E 3A 00 1A 00 F0 27 F2 40 55 00 68 03 82 43
BC 02 F2 40 55 00 6A 03 30 40 AE 43 FB 90 31 00
09 00 40 20 FB 90 CC 00 0A 00 3C 20 D8 4B 03 00
1A 00 D8 4B 04 00 1B 00 D8 4B 05 00 1C 00 D8 4B
06 00 1D 00 D8 4B 07 00 1E 00 D8 4B 08 00 1F 00
F2 90 55 00 57 03 09 20 D2 43 54 03 F2 40 03 00
52 03 D2 43 53 03 30 40 AE 43 F2 90 55 00 58 03
03 20 F2 40 11 00 58 03 7E 40 40 00 3D 40 00 10
3C 40 00 02 B0 12 08 71 3F 40 09 1A 3F 53 FE 2F
7E 40 40 00 3D 40 00 10 3C 40 00 02 B0 12 10 72
30 40 AE 43 FB 90 32 00 09 00 40 20 FB 90 CC 00
0A 00 3C 20 D8 4B 03 00 1A 00 D8 4B 04 00 1B 00
D8 4B 05 00 1C 00 D8 4B 06 00 1D 00 D8 4B 07 00
1E 00 D8 4B 08 00 1F 00 D8 48 2E 00 0E 00 D8 48
30 00 10 00 F2 90 55 00 58 03 03 20 F2 40 11 00
58 03 F2 90 55 00 6A 03 03 20 F2 40 11 00 6A 03
7E 40 40 00 3D 40 00 10 3C 40 00 02 B0 12 08 71
3F 40 09 1A 3F 53 FE 2F 7E 40 40 00 3D 40 00 10
3C 40 00 02 B0 12 10 72 30 40 AE 43 03 43 30 40
AE 43 5A 4B 02 00 0D 4B 3D 50 0A 00 4C 4A 7C 50
F7 00 B0 12 FC 6D 4A 4A 0F 4B 0F 5A D2 4F 01 00
A2 02 4A 4A 0F 4B 0F 5A D2 4F 02 00 A3 02 D2 43
65 03 1C 92 A2 02 C7 21 5E 4B 0B 00 7E 80 03 00
0E 24 7E 80 0D 00 19 24 7E 80 43 00 08 24 7E 80
0D 00 13 24 7E 80 10 00 D4 24 30 40 AE 43 D9 4B
0B 00 0B 00 82 43 C4 02 F2 40 11 00 5A 03 0D 48
0C 49 B0 12 40 5F 30 40 AE 43 D8 4B 11 00 03 00
D8 4B 12 00 02 00 D8 4B 13 00 05 00 D8 4B 14 00
04 00 D8 4B 15 00 07 00 D8 4B 16 00 06 00 D8 4B
18 00 08 00 D8 4B 19 00 0A 00 D8 4B 1A 00 0C 00
FB 90 BA 00 0A 00 3B 20 FB 90 60 00 0B 00 37 20
D8 9B 17 00 16 00 03 24 D8 4B 17 00 16 00 D8 9B
1B 00 0E 00 08 24 D8 4B 1B 00 0E 00 F2 40 55 00
68 03 82 43 BC 02 D8 9B 1C 00 10 00 08 24 D8 4B
1C 00 10 00 F2 40 55 00 68 03 82 43 BC 02 CB 93
1D 00 03 20 CB 93 1E 00 06 24 D8 4B 1D 00 13 00
D8 4B 1E 00 12 00 CB 93 1F 00 03 20 CB 93 20 00
06 24 D8 4B 1F 00 15 00 D8 4B 20 00 14 00 7E 40
40 00 3D 40 00 10 3C 40 00 02 B0 12 08 71 3F 40
09 1A 3F 53 FE 2F 7E 40 40 00 3D 40 00 10 3C 40
00 02 B0 12 10 72 F2 40 55 00 5B 03 F9 40 7E 00
00 00 F9 40 30 00 01 00 F9 40 15 00 02 00 F9 43
03 00 F9 43 04 00 F9 43 05 00 F9 43 06 00 F9 43
07 00 F9 43 08 00 E9 43 09 00 D9 4B 0A 00 0A 00
D9 4B 0B 00 0B 00 F9 40 10 00 0C 00 F9 40 03 00
0D 00 C9 43 0E 00 D9 4B 0F 00 0F 00 D9 48 1A 00
10 00 D9 48 1B 00 11 00 D9 48 1C 00 12 00 D9 48
1D 00 13 00 D9 48 1E 00 14 00 D9 48 1F 00 15 00
0D 49 3D 50 0A 00 7C 40 0C 00 B0 12 FC 6D 82 4C
A2 02 D9 42 A2 02 16 00 D9 42 A3 02 17 00 F9 40
CC 00 18 00 F9 40 CC 00 19 00 F2 40 1A 00 F1 02
66 3D 5E 4B 0C 00 5E 83 07 24 5E 83 09 24 5E 83
1E 24 5E 83 26 24 48 3C 0C 48 B0 12 C0 6C 44 3C
7E 40 1E 00 3D 40 22 10 3C 40 22 02 B0 12 10 72
0C 48 B0 12 5E 6E F2 40 55 00 68 03 82 43 BC 02
F2 40 55 00 6A 03 F2 40 55 00 5B 03 2D 3C D2 4B
0D 00 9E 02 D2 4B 0E 00 9F 02 D2 4B 0F 00 A0 02
23 3C D8 4B 0D 00 3A 00 D8 4B 0E 00 3B 00 D8 4B
0F 00 3C 00 D8 4B 10 00 3D 00 D8 4B 11 00 3E 00
D8 4B 12 00 3F 00 D8 4B 13 00 2E 00 D8 4B 14 00
30 00 F2 40 55 00 68 03 82 43 BC 02 F2 40 55 00
6A 03 F2 40 55 00 5B 03 7E 40 40 00 3D 40 00 10
3C 40 00 02 B0 12 08 71 3F 40 09 1A 3F 53 FE 2F
7E 40 40 00 3D 40 00 10 3C 40 00 02 B0 12 10 72
3F 40 09 1A 3F 53 FE 2F 7E 40 21 00 3D 40 80 10
3C 40 80 02 B0 12 08 71 3F 40 09 1A 3F 53 FE 2F
7E 40 21 00 3D 40 80 10 3C 40 80 02 B0 12 10 72
F9 40 7E 00 00 00 F9 40 30 00 01 00 F9 40 1A 00
02 00 F9 43 03 00 F9 43 04 00 F9 43 05 00 F9 43
06 00 F9 43 07 00 F9 43 08 00 E9 43 09 00 F9 40
AB 00 0A 00 F9 40 70 00 0B 00 D9 4B 0C 00 0C 00
D9 4B 0D 00 0D 00 D9 4B 0E 00 0E 00 D9 4B 0F 00
0F 00 D9 4B 10 00 10 00 D9 4B 11 00 11 00 D9 4B
12 00 12 00 D9 4B 13 00 13 00 D9 4B 14 00 14 00
D9 48 1A 00 15 00 D9 48 1B 00 16 00 D9 48 1C 00
17 00 D9 48 1D 00 18 00 D9 48 1E 00 19 00 D9 48
1F 00 1A 00 0D 49 3D 50 0A 00 7C 40 11 00 B0 12
FC 6D 82 4C A2 02 D9 42 A2 02 1B 00 D9 42 A3 02
1C 00 F9 40 CC 00 1D 00 F9 40 CC 00 1E 00 F2 40
1F 00 F1 02 84 3C F9 40 7E 00 00 00 F9 40 30 00
01 00 F9 40 12 00 02 00 F9 43 03 00 F9 43 04 00
F9 43 05 00 F9 43 06 00 F9 43 07 00 F9 43 08 00
E9 43 09 00 F9 40 AB 00 0A 00 F9 50 80 00 0B 00
E9 42 0C 00 D9 48 1A 00 0D 00 D9 48 1B 00 0E 00
D9 48 1C 00 0F 00 D9 48 1D 00 10 00 D9 48 1E 00
11 00 D9 48 1F 00 12 00 0D 49 3D 50 0A 00 7C 40
09 00 B0 12 FC 6D 82 4C A2 02 D9 42 A2 02 13 00
D9 42 A3 02 14 00 F9 40 CC 00 15 00 F9 40 CC 00
16 00 F2 40 17 00 F1 02 3A 3C DB 93 09 00 37 20
FB 90 CC 00 0A 00 33 20 D2 93 54 03 30 20 F2 53
52 03 C2 93 52 03 29 20 C2 43 54 03 D2 D3 19 00
D2 93 DA 02 0E 20 F2 B0 20 00 1D 00 0A 2C 82 43
BC 02 B2 40 80 5A 20 01 B0 12 9E 4F B2 40 80 5A
20 01 F2 40 11 00 57 03 F2 90 11 00 55 03 0F 20
F2 40 55 00 58 03 3F 40 DE 93 03 43 2E 42 3F 53
3E 63 FD 2F D2 43 69 03 02 3C D2 43 53 03 C2 93
65 03 0A 20 0C 43 05 3C 0F 4B 0F 5C CF 43 00 00
1C 53 3C 90 2F 00 F8 2B 30 40 8E 73 32 C2 03 43
B2 40 80 5A 20 01 B0 12 C6 6F 7E 40 40 00 3D 40
00 10 3C 40 00 02 B0 12 10 72 7E 40 21 00 3D 40
80 10 3C 40 80 02 B0 12 10 72 F2 40 11 00 E4 02
F2 D0 10 00 29 00 F2 D0 20 00 1D 00 D2 D3 19 00
F2 40 11 00 57 03 F2 40 11 00 58 03 F2 40 11 00
DC 02 F2 40 11 00 5A 03 82 43 B4 02 82 43 BC 02
F2 40 11 00 E5 02 C2 43 6B 03 F2 43 32 00 C2 43
31 00 E2 D3 19 00 5E 42 28 00 7E F0 80 00 C2 4E
E0 02 00 3C 3F 40 13 34 3F 53 FE 2F C2 93 E0 02
62 20 C2 93 28 00 5F 38 C2 43 70 03 3F 40 4E C3
03 43 0E 43 3F 53 3E 63 FD 2F D2 53 70 03 F2 90
14 00 70 03 03 24 C2 93 28 00 F0 37 F2 90 14 00
70 03 49 28 B0 12 12 63 F2 C0 20 00 1D 00 3F 40
DE 2A 7E 40 07 00 7D 40 05 00 4C 43 B0 12 6E 61
3F 40 8E D0 3E 40 03 00 3F 53 3E 63 FD 2F 3C 40
00 02 B0 12 BE 6E 7E 40 40 00 3D 40 00 10 3C 40
00 02 B0 12 08 71 3F 40 09 1A 3F 53 FE 2F 7E 40
40 00 3D 40 00 10 3C 40 00 02 B0 12 10 72 3F 40
09 1A 3F 53 FE 2F 7E 40 21 00 3D 40 80 10 3C 40
80 02 B0 12 08 71 3F 40 09 1A 3F 53 FE 2F 7E 40
21 00 3D 40 80 10 3C 40 80 02 B0 12 10 72 3F 40
09 1A 3F 53 FE 2F B0 12 D2 67 B0 12 12 63 B0 12
DA 55 B0 12 9E 4F 82 43 BC 02 1F 42 14 02 0E 4F
0F 5F 0E 5F 0F 5F 0E 5F 0F 5F 0F 5E 82 4F BE 02
D2 43 DA 02 F2 40 80 00 2C 00 C2 43 2B 00 F2 40
80 00 2D 00 C2 43 23 00 32 D2 03 43 03 43 03 43
03 43 03 43 03 43 3C 40 F4 02 B0 12 6C 70 F2 40
80 00 04 00 03 43 03 43 C2 43 F0 02 D2 42 F4 02
77 00 60 3C D2 53 DB 02 F2 90 14 00 DB 02 54 20
C2 43 DB 02 F2 D0 10 00 29 00 F2 C2 35 00 F2 40
11 00 DC 02 F2 C0 20 00 1D 00 F2 40 55 00 DD 02
B0 12 12 63 5C 43 B0 12 9A 6D 7C 40 03 00 B0 12
9A 6D 7C 40 05 00 B0 12 9A 6D 7C 40 07 00 B0 12
9A 6D 3F 40 3E 27 7E 40 06 00 7D 40 05 00 7C 42
B0 12 6E 61 B2 40 80 5A 20 01 3F 40 1E A1 3E 40
07 00 3F 53 3E 63 FD 2F F2 D0 20 00 1D 00 F2 40
11 00 DD 02 D2 D3 19 00 7C 40 A5 00 B0 12 40 73
7C 40 AE 00 B0 12 40 73 F2 43 32 00 C2 43 31 00
E2 C2 29 00 E2 C3 29 00 D2 C3 29 00 B0 12 4A 6C
E2 43 DA 02 32 D0 F0 00 82 43 D2 02 82 43 D4 02
C2 43 6F 03 B2 40 0C 5A 20 01 D2 93 61 03 76 20
F2 90 11 00 DC 02 72 20 5F 42 5C 03 4F 4F CF 93
5C 03 34 20 5E 42 5C 03 5E 83 05 24 5E 83 11 24
5E 83 1D 24 32 3C 3E 40 94 02 3D 40 92 02 5C 43
B0 12 FC 51 5F 42 9E 02 8F 11 0C 5F 82 4C A6 02
24 3C 3E 40 98 02 3D 40 96 02 6C 43 B0 12 FC 51
5F 42 9F 02 8F 11 0C 5F 82 4C A8 02 16 3C 3E 40
9C 02 3D 40 9A 02 7C 40 03 00 B0 12 FC 51 5F 42
A0 02 8F 11 0C 5F 82 4C AA 02 07 3C 5F 42 5C 03
4F 4F 0F 5F BF 40 FF 7F A4 02 C2 43 61 03 C2 43
6C 03 82 43 C6 02 C2 43 6D 03 B2 40 00 81 66 01
D2 53 5C 03 E2 92 5C 03 02 20 D2 43 5C 03 5E 42
5C 03 5E 83 05 24 5E 83 0A 24 5E 83 0F 24 15 3C
E2 C2 29 00 E2 C3 29 00 D2 C3 29 00 0F 3C E2 C2
29 00 E2 D3 29 00 D2 C3 29 00 08 3C E2 D2 29 00
E2 C3 29 00 D2 C3 29 00 01 3C 03 43 F2 90 55 00
E5 02 20 20 F2 40 11 00 E5 02 D2 42 28 00 E1 02
F2 F0 68 00 E1 02 D2 92 E1 02 E3 02 0B 20 D2 93
DF 02 10 20 B2 40 00 02 D0 02 5C 42 E3 02 B0 12
D6 2B 08 3C D2 42 E1 02 E3 02 D2 43 DF 02 B2 40
EE 02 B2 02 D2 93 5A 03 1B 20 F2 40 5A 00 5A 03
F2 D2 35 00 F2 40 55 00 DC 02 00 3C 3F 40 13 34
3F 53 FE 2F 3C 40 F4 02 B0 12 6C 70 F2 40 80 00
04 00 03 43 03 43 C2 43 F0 02 D2 42 F4 02 77 00
D2 93 69 03 1C 20 F2 D2 35 00 F2 40 55 00 DC 02
00 3C 3F 40 13 34 3F 53 FE 2F C2 43 69 03 3D 40
00 02 3C 40 F4 02 B0 12 64 60 F2 40 80 00 04 00
03 43 03 43 C2 43 F0 02 D2 42 F4 02 77 00 D2 93
62 03 22 20 3E 40 00 02 3D 40 F4 02 3C 40 23 03
B0 12 EA 3C D2 93 65 03 0B 20 F2 40 80 00 04 00
03 43 03 43 C2 43 F0 02 D2 42 F4 02 77 00 0A 3C
F2 40 40 00 04 00 C2 43 F0 02 F2 C2 35 00 F2 40
11 00 DC 02 C2 43 62 03 D2 93 53 03 25 20 F2 D2
35 00 F2 40 55 00 DC 02 3F 40 19 41 3F 53 FE 2F
F2 40 03 00 FF 02 F2 90 55 00 55 03 03 20 F2 40
53 00 FF 02 3D 40 00 02 3C 40 F4 02 B0 12 40 5F
F2 40 80 00 04 00 03 43 03 43 C2 43 F0 02 D2 42
F4 02 77 00 C2 43 53 03 D2 93 63 03 10 20 4F 43
04 3C 4F 4F CF 43 F4 02 5F 53 7F 90 2F 00 F9 2B
C2 43 F0 02 F2 40 40 00 04 00 C2 43 63 03 D2 93
6B 03 1A 20 4F 43 07 3C 4F 4F CF 43 F4 02 4F 4F
CF 43 23 03 5F 53 7F 90 2F 00 F6 2B C2 43 F0 02
C2 43 6B 03 F2 40 40 00 04 00 F2 C2 35 00 03 43
03 43 F2 40 11 00 DC 02 A2 B2 A4 01 A3 2A F2 90
55 00 59 03 9F 22 82 43 A4 01 1E 42 44 01 0F 43
82 5E D2 02 82 6F D4 02 D2 53 6F 03 F2 90 64 00
6F 03 8E 20 F2 40 11 00 59 03 A2 C3 A0 01 B2 C0
20 00 A0 01 1C 42 D2 02 1D 42 D4 02 B0 12 C6 69
0E 43 3F 40 C0 3F B0 12 B6 5B 0E 43 3F 40 C8 42
B0 12 E8 5C 0E 43 3F 40 80 45 B0 12 E8 5C 82 4C
D6 02 82 4D D8 02 3E 40 0A D7 3F 40 A3 3F 1C 42
D6 02 1D 42 D8 02 B0 12 AA 73 0C 93 06 24 F2 40
03 00 F3 02 C2 43 DB 02 57 3E 3E 40 F6 28 3F 40
9C 3F 1C 42 D6 02 1D 42 D8 02 B0 12 AA 73 0C 93
11 24 3E 40 0A D7 3F 40 A3 3F 1C 42 D6 02 1D 42
D8 02 B0 12 B4 73 0C 93 05 24 E2 43 F3 02 C2 43
DB 02 3A 3E 3E 40 33 33 3F 40 93 3F 1C 42 D6 02
1D 42 D8 02 B0 12 AA 73 0C 93 11 24 3E 40 F6 28
3F 40 9C 3F 1C 42 D6 02 1D 42 D8 02 B0 12 B4 73
0C 93 05 24 D2 43 F3 02 C2 43 DB 02 1D 3E 0E 43
3F 40 80 3F 1C 42 D6 02 1D 42 D8 02 B0 12 AA 73
0C 93 02 20 30 40 94 45 3E 40 33 33 3F 40 93 3F
1C 42 D6 02 1D 42 D8 02 B0 12 B4 73 0C 93 02 20
30 40 94 45 C2 43 F3 02 C2 43 DB 02 30 40 48 46
B2 D0 03 00 A0 01 30 40 54 46 0A 12 0D 12 0C 12
0F 12 0E 12 1F 42 1E 01 2F 83 05 24 3F 80 0C 00
F0 25 30 40 92 4F B2 40 0C 5A 20 01 F2 90 55 00
EE 02 0C 20 B2 53 B8 02 82 93 B8 02 07 20 82 43
B8 02 D2 D3 19 00 F2 40 11 00 EE 02 F2 90 55 00
EF 02 2E 20 B2 53 BA 02 82 93 BA 02 29 20 F2 90
55 00 5B 03 05 20 F2 40 11 00 5B 03 B0 12 9E 4F
D2 D3 19 00 F2 40 11 00 EF 02 F2 C2 35 00 F2 40
11 00 DC 02 F2 40 11 00 56 03 F2 90 55 00 55 03
0F 20 E2 D2 25 00 F2 40 11 00 55 03 F2 40 11 00
57 03 F2 40 55 00 58 03 82 43 BC 02 D2 43 69 03
92 C3 84 01 F2 40 55 00 E5 02 F2 90 11 00 DD 02
3A 20 D2 93 DA 02 37 20 F2 90 11 00 57 03 33 20
D2 53 EC 02 E2 92 EC 02 2E 28 C2 43 EC 02 D2 53
ED 02 F2 90 03 00 ED 02 02 28 C2 43 ED 02 5E 42
ED 02 4E 83 05 24 5E 83 0C 24 5E 83 13 24 1B 3C
5F 42 5D 03 1E 42 A6 02 5D 43 5C 43 B0 12 F0 53
12 3C 5F 42 5E 03 1E 42 A8 02 6D 43 5C 43 B0 12
F0 53 09 3C 5F 42 5F 03 1E 42 AA 02 7D 40 03 00
5C 43 B0 12 F0 53 B2 50 AE 07 94 01 F2 90 55 00
E4 02 FF 21 5E 42 28 00 7E F0 80 00 C2 4E E0 02
C2 93 E0 02 52 20 92 53 B4 02 82 43 BC 02 B2 90
78 00 B4 02 EE 29 82 43 B4 02 F2 40 11 00 E4 02
F2 40 80 00 2C 00 C2 43 2B 00 F2 40 80 00 2D 00
5E 42 DA 02 6E 83 03 24 5E 83 19 24 33 3C 03 43
03 43 B1 C0 D0 00 0A 00 B2 40 80 5A 20 01 B0 12
D2 67 B0 12 12 63 B0 12 DA 55 B0 12 9E 4F 82 43
BC 02 B2 40 0F 00 BE 02 D2 43 DA 02 C2 3D F2 C0
20 00 1D 00 F2 40 55 00 EE 02 B2 40 14 00 B8 02
B0 12 4E 6B B0 12 12 63 B0 12 9E 4F 1F 42 14 02
0E 4F 0F 5F 0F 5F 0F 5E 82 4F BE 02 B1 C0 D0 00
0A 00 A7 3D 03 43 03 43 A4 3D 82 43 B4 02 F2 40
11 00 E4 02 F2 40 80 00 2C 00 C2 43 2B 00 F2 40
80 00 2D 00 5E 42 DA 02 5E 83 19 24 5E 83 03 24
5E 83 D4 24 8E 3D B1 C0 D0 00 0A 00 32 D2 F2 D0
20 00 1D 00 D2 D3 19 00 82 43 80 01 82 43 84 01
82 43 90 01 82 43 94 01 32 D0 F0 00 7A 3D 82 43
BC 02 1F 42 14 02 0E 4F 0F 5F 0F 5F 0F 5E 82 4F
BE 02 D2 C3 19 00 F2 B0 20 00 1D 00 08 28 F2 C0
20 00 1D 00 B0 12 12 63 B0 12 9E 4F 62 3D F2 90
11 00 57 03 7A 20 F2 90 11 00 DD 02 76 20 F2 40
5A 00 57 03 5C 43 B0 12 9A 6D 7C 40 03 00 B0 12
9A 6D 7C 40 05 00 B0 12 9A 6D 7C 40 07 00 B0 12
9A 6D 3F 40 FE 27 7E 40 05 00 7D 40 07 00 7C 40
10 00 B0 12 6E 61 3F 40 FE 29 7E 40 07 00 7D 40
03 00 4C 43 B0 12 6E 61 4F 43 7E 40 16 00 5D 43
7C 40 18 00 B0 12 2E 67 4F 43 7E 40 1B 00 5D 43
7C 40 20 00 B0 12 2E 67 4F 43 6E 43 5D 43 7C 40
28 00 B0 12 2E 67 4F 43 7E 40 0E 00 5D 43 7C 40
30 00 B0 12 2E 67 4F 43 4A 4F 1C 42 16 02 3E 40
64 00 B0 12 6E 73 4E 4C 4F 4A 5D 43 7C 40 38 00
B0 12 2E 67 4F 43 4A 4F 1C 42 16 02 3E 40 0A 00
B0 12 6E 73 3E 40 0A 00 B0 12 6E 73 4F 4A 5D 43
7C 40 40 00 B0 12 2E 67 4F 43 4A 4F 1C 42 16 02
3E 40 0A 00 B0 12 6E 73 4F 4A 5D 43 7C 40 48 00
B0 12 2E 67 C2 43 2B 00 E4 3C F2 90 5A 00 57 03
23 20 F2 40 55 00 57 03 82 43 BC 02 D2 43 69 03
7C 40 03 00 B0 12 9A 6D 7C 40 07 00 B0 12 9A 6D
3F 40 9E 28 7E 40 06 00 7D 40 07 00 7C 42 B0 12
6E 61 3F 40 5E 29 7E 40 05 00 7D 40 03 00 7C 40
10 00 B0 12 6E 61 BD 3C 03 43 BB 3C F2 C0 20 00
1D 00 F2 40 55 00 EE 02 B2 40 14 00 B8 02 1F 42
14 02 0E 4F 0F 5F 0F 5F 0F 5E 82 4F BE 02 B0 12
4E 6B B0 12 12 63 B0 12 9E 4F B1 C0 D0 00 0A 00
A0 3C 92 C3 80 01 F2 90 11 00 DD 02 47 20 F2 90
11 00 57 03 43 20 F2 40 55 00 59 03 A2 C3 A0 01
B2 D0 20 00 A0 01 82 43 D2 02 82 43 D4 02 C2 43
6F 03 B2 D0 03 00 A0 01 5E 42 F3 02 4E 83 07 24
5E 83 0F 24 5E 83 17 24 5E 83 1F 24 27 3C 3F 40
1E 1D 6E 42 7D 40 07 00 7C 40 64 00 B0 12 70 6F
1D 3C 3F 40 3E 1D 6E 42 7D 40 07 00 7C 40 64 00
B0 12 70 6F 13 3C 3F 40 FE 1C 6E 42 7D 40 07 00
7C 40 64 00 B0 12 70 6F 09 3C 3F 40 DE 1C 6E 42
7D 40 07 00 7C 40 64 00 B0 12 70 6F D2 93 DA 02
50 20 F2 90 11 00 DD 02 0A 20 F2 90 11 00 55 03
06 20 F2 90 11 00 56 03 02 20 92 53 BC 02 B2 90
03 00 BC 02 35 20 D2 D3 19 00 F2 90 55 00 6E 03
05 20 F2 40 11 00 6E 03 B0 12 9E 4F F2 90 5A 00
57 03 05 20 F2 40 11 00 57 03 B0 12 9E 4F F2 90
55 00 68 03 05 20 F2 40 11 00 68 03 D2 43 69 03
F2 90 55 00 57 03 04 24 F2 90 55 00 58 03 07 20
F2 40 11 00 57 03 B0 12 9E 4F D2 43 69 03 F2 90
55 00 5A 03 05 20 D2 93 68 03 02 24 D2 43 5A 03
92 92 BE 02 BC 02 05 28 B0 12 D4 63 32 D2 32 D0
D0 00 3E 41 3F 41 3C 41 3D 41 3A 41 00 13 7C 40
07 00 B0 12 9A 6D 3F 40 DE 1C 6E 42 7D 40 07 00
7C 40 64 00 B0 12 70 6F 7D 40 07 00 6C 43 B0 12
CA 6A 1C 42 02 02 3E 40 64 00 B0 12 6E 73 4E 4C
7D 40 07 00 6C 42 B0 12 76 68 1C 42 02 02 3E 40
0A 00 B0 12 6E 73 3E 40 0A 00 B0 12 6E 73 7D 40
07 00 7C 40 0C 00 B0 12 76 68 1C 42 02 02 3E 40
0A 00 B0 12 6E 73 7D 40 07 00 7C 40 14 00 B0 12
76 68 7D 40 07 00 7C 40 1C 00 B0 12 CA 6A 5E 42
04 02 7D 40 07 00 7C 40 1E 00 B0 12 76 68 7D 40
07 00 7C 40 26 00 B0 12 CA 6A 1C 42 06 02 3E 40
64 00 B0 12 6E 73 4E 4C 7D 40 07 00 7C 40 28 00
B0 12 76 68 1C 42 06 02 3E 40 0A 00 B0 12 6E 73
3E 40 0A 00 B0 12 6E 73 7D 40 07 00 7C 40 30 00
B0 12 76 68 1C 42 06 02 3E 40 0A 00 B0 12 6E 73
7D 40 07 00 7C 40 38 00 B0 12 76 68 7D 40 07 00
7C 40 40 00 B0 12 CA 6A 7D 40 07 00 7C 40 46 00
B0 12 CA 6A 1C 42 0E 02 3E 40 0A 00 B0 12 6E 73
4E 4C 7D 40 07 00 7C 40 48 00 B0 12 76 68 1C 42
0E 02 3E 40 0A 00 B0 12 6E 73 7D 40 07 00 7C 40
50 00 B0 12 76 68 7D 40 07 00 7C 40 58 00 B0 12
CA 6A 5C 43 B0 12 9A 6D 7C 40 03 00 B0 12 9A 6D
7C 40 05 00 B0 12 9A 6D 3F 40 5E 24 6E 42 7D 40
05 00 7C 40 30 00 B0 12 6E 61 3F 40 DE 24 6E 42
7D 40 03 00 7C 40 30 00 B0 12 6E 61 3F 40 5E 25
6E 42 5D 43 7C 40 30 00 B0 12 6E 61 1C 42 08 02
3E 40 0A 00 B0 12 6E 73 4E 4C 4F 43 7D 40 05 00
7C 40 50 00 B0 12 2E 67 1C 42 08 02 3E 40 0A 00
B0 12 6E 73 4F 43 7D 40 05 00 7C 40 58 00 B0 12
2E 67 1C 42 0A 02 3E 40 0A 00 B0 12 6E 73 4E 4C
4F 43 7D 40 03 00 7C 40 50 00 B0 12 2E 67 1C 42
0A 02 3E 40 0A 00 B0 12 6E 73 4F 43 7D 40 03 00
7C 40 58 00 B0 12 2E 67 1C 42 0C 02 3E 40 0A 00
B0 12 6E 73 4E 4C 4F 43 5D 43 7C 40 50 00 B0 12
2E 67 1C 42 0C 02 3E 40 0A 00 B0 12 6E 73 4F 43
5D 43 7C 40 58 00 B0 12 2E 67 5F 42 5D 03 1E 42
A6 02 5D 43 5C 43 B0 12 F0 53 5F 42 5E 03 1E 42
A8 02 6D 43 5C 43 B0 12 F0 53 5F 42 5F 03 1E 42
AA 02 7D 40 03 00 5C 43 30 40 F0 53 0A 12 0B 12
08 12 09 12 06 12 07 12 04 12 05 12 21 83 49 4C
04 4D 08 4E 4E 49 5E 83 05 24 5E 83 09 24 5E 83
0D 24 11 3C B1 40 5D 03 00 00 15 42 C8 02 0B 3C
B1 40 5E 03 00 00 15 42 CA 02 05 3C B1 40 5F 03
00 00 15 42 CC 02 1E 42 AC 02 0F 43 1A 42 AE 02
0B 43 0C 4A 0D 4B 0C 5C 0D 6D 0C 8E 0D 7F 0D 12
0C 12 06 4E 07 4F 06 8A 07 7B 02 12 32 C2 82 46
30 01 82 4E 38 01 82 46 34 01 1C 42 3A 01 92 42
3C 01 3A 01 82 4F 38 01 82 47 34 01 82 4E 38 01
1D 42 3A 01 32 41 2E 44 0F 43 B0 12 90 71 3E 40
06 00 0F 43 B0 12 90 71 3A 41 3B 41 0A 5C 0B 6D
F2 90 93 00 DE 02 04 20 59 93 02 20 84 4A 00 00
F2 90 95 00 DE 02 04 20 69 93 02 20 84 4A 00 00
F2 90 97 00 DE 02 05 20 79 90 03 00 02 20 84 4A
00 00 F2 90 94 00 DE 02 04 20 59 93 02 20 88 4A
00 00 F2 90 96 00 DE 02 04 20 69 93 02 20 88 4A
00 00 F2 90 98 00 DE 02 05 20 79 90 03 00 02 20
88 4A 00 00 F2 90 99 00 DE 02 02 20 84 4A 00 00
F2 90 9A 00 DE 02 02 20 88 4A 00 00 2C 48 2C 84
0D 43 B0 12 C6 69 08 4C 09 4D 2E 44 0F 43 0A 8E
0B 7F 0C 4A 0D 4B B0 12 B2 69 0E 48 0F 49 B0 12
E8 5C 08 4C 09 4D 3E 40 00 D6 3F 40 BA 46 0C 48
0D 49 B0 12 B6 5B B0 12 B4 72 0A 4C 0B 4D 2D 41
0C 4A B0 12 6A 5A 0A 4C 0B 4D 2F 41 CF 93 00 00
33 20 0C 45 0D 43 0C 8A 0D 7B B0 12 B2 69 08 4C
09 4D 3E 40 EB 51 3F 40 A0 C0 0C 48 0D 49 B0 12
AA 73 0C 93 1C 24 3E 40 ED 51 3F 40 A0 40 0C 48
0D 49 B0 12 B4 73 0C 93 12 24 0F 45 05 55 05 5F
0C 45 0D 43 0C 5A 0D 6B B0 12 B2 69 0E 43 3F 40
80 40 B0 12 E8 5C B0 12 B4 72 05 4C 05 3C 0C 4A
0D 4B B0 12 B2 69 05 4A 0C 4A 21 53 30 40 86 73
0A 12 0B 12 08 12 09 12 4A 4C 0B 4E 5D 83 05 24
5D 83 06 24 5D 83 07 24 07 3C 79 40 05 00 04 3C
79 40 03 00 01 3C 59 43 48 43 5F 83 05 24 5F 83
1A 24 5F 83 2F 24 45 3C 4F 43 7E 40 2E 00 4D 49
7C 40 F8 00 B0 12 2E 67 4F 43 7E 40 2E 00 4D 49
4C 43 B0 12 2E 67 3F 40 5E 1E 6E 43 4D 49 7C 42
B0 12 6E 61 C0 3C 4F 43 7E 40 2E 00 4D 49 7C 40
F8 00 B0 12 2E 67 4F 43 7E 40 2E 00 4D 49 4C 43
B0 12 2E 67 3F 40 9E 1E 6E 43 4D 49 7C 42 B0 12
6E 61 A9 3C 4F 43 7E 40 2E 00 4D 49 7C 40 F8 00
B0 12 2E 67 4F 43 7E 40 2E 00 4D 49 4C 43 B0 12
2E 67 3F 40 DE 1E 6E 43 4D 49 7C 42 B0 12 6E 61
92 3C 0B 93 0B 34 4F 43 7E 40 0B 00 4D 49 7C 40
F8 00 B0 12 2E 67 3B E3 1B 53 08 3C 4F 43 7E 40
2E 00 4D 49 7C 40 F8 00 B0 12 2E 67 0C 4B 3E 40
E8 03 B0 12 84 72 4E 4C 4E 93 06 24 4F 43 4D 49
4C 48 B0 12 2E 67 11 3C 7A 90 03 00 07 20 4F 43
4E 43 4D 49 4C 48 B0 12 2E 67 07 3C 4F 43 7E 40
2E 00 4D 49 4C 48 B0 12 2E 67 78 52 7A 90 03 00
08 20 4F 43 7E 40 12 00 4D 49 4C 48 B0 12 2E 67
78 52 0C 4B 3E 40 64 00 B0 12 84 72 3E 40 0A 00
B0 12 84 72 4E 93 06 24 4F 43 4D 49 4C 48 B0 12
2E 67 13 3C 6A 93 03 2C 3B 90 E8 03 07 38 4F 43
4E 43 4D 49 4C 48 B0 12 2E 67 07 3C 4F 43 7E 40
2E 00 4D 49 4C 48 B0 12 2E 67 78 52 6A 93 08 20
4F 43 7E 40 12 00 4D 49 4C 48 B0 12 2E 67 78 52
0C 4B 3E 40 0A 00 B0 12 84 72 3E 40 0A 00 B0 12
84 72 4F 43 4D 49 4C 48 B0 12 2E 67 78 52 5A 93
08 20 4F 43 7E 40 12 00 4D 49 4C 48 B0 12 2E 67
78 52 0C 4B 3E 40 0A 00 B0 12 84 72 4F 43 4D 49
4C 48 B0 12 2E 67 30 40 8E 73 F2 C0 10 00 29 00
82 43 A6 02 82 43 A8 02 82 43 AA 02 82 43 AC 02
82 43 AE 02 82 43 B0 02 C2 43 6C 03 82 43 C6 02
C2 43 6D 03 C2 43 61 03 D2 43 5C 03 E2 C2 29 00
E2 C3 29 00 D2 C3 29 00 F2 40 11 00 55 03 C2 43
53 03 F2 40 11 00 56 03 F2 40 11 00 66 03 C2 43
52 03 7C 40 A4 00 B0 12 40 73 7C 40 AF 00 B0 12
40 73 F2 C0 20 00 1D 00 D2 C3 19 00 F2 40 55 00
EE 02 B2 40 14 00 B8 02 C2 43 DE 02 F2 40 11 00
DD 02 C2 43 60 03 F2 40 11 00 57 03 F2 40 11 00
58 03 F2 40 11 00 6E 03 F2 40 11 00 6A 03 82 43
C4 02 B2 90 E8 03 02 02 02 28 82 43 02 02 B2 90
64 00 04 02 02 28 82 43 04 02 B2 90 E8 03 06 02
02 28 82 43 06 02 B2 90 64 00 08 02 02 28 82 43
08 02 B2 90 64 00 0A 02 02 28 82 43 0A 02 B2 90
64 00 0C 02 02 28 82 43 0C 02 B2 90 64 00 0E 02
02 28 82 43 0E 02 B2 92 10 02 03 28 B2 40 07 00
10 02 B2 90 D0 07 12 02 03 2C 82 93 12 02 02 20
92 43 12 02 B2 90 D0 07 14 02 03 2C 82 93 14 02
02 20 92 43 14 02 B2 90 7C 00 16 02 04 2C B2 90
64 00 16 02 03 2C B2 40 64 00 16 02 F2 90 65 00
9E 02 04 34 F2 90 9C 00 9E 02 02 34 C2 43 9E 02
F2 90 65 00 9F 02 04 34 F2 90 9C 00 9F 02 02 34
C2 43 9F 02 F2 90 65 00 A0 02 04 34 F2 90 9C 00
A0 02 02 34 C2 43 A0 02 3F 40 5E 1D 6E 42 7D 40
05 00 7C 40 19 00 B0 12 6E 61 3F 40 DE 1D 7E 42
7D 40 03 00 7C 40 1C 00 B0 12 44 62 3F 40 FE 34
3E 40 0C 00 3F 53 3E 63 FD 2F 30 41 0A 12 08 12
09 12 18 42 76 01 92 B3 66 01 9D 28 92 C3 66 01
5C 42 6C 03 7E 40 25 00 B0 12 6A 73 7E 90 07 00
09 28 82 58 C6 02 B2 90 00 FF C6 02 03 28 B2 40
00 FF C6 02 D2 53 6C 03 F2 90 4A 00 6C 03 06 28
C2 43 6C 03 D2 43 61 03 82 43 66 01 5C 42 6C 03
7E 40 25 00 B0 12 6A 73 4E 93 8A 20 C2 43 6D 03
5C 42 6C 03 7E 40 25 00 B0 12 6A 73 4C 83 03 24
5C 83 10 24 26 3C 5A 43 B2 90 01 BF C6 02 04 2C
B2 90 00 75 C6 02 1E 2C 5F 42 5C 03 4F 4F DF 43
5C 03 18 3C 4A 43 D2 D3 29 00 B2 90 01 BF C6 02
04 2C B2 90 00 75 C6 02 06 2C 5F 42 5C 03 4F 4F
DF 43 5C 03 07 3C 5F 42 5C 03 4F 4F CF 43 5C 03
01 3C 03 43 5F 42 5C 03 4F 4F DF 93 5C 03 09 20
D2 43 61 03 82 43 66 01 C2 43 6D 03 C2 43 6C 03
2F 3C 4F 4A 0F 5F 1C 4F AC 02 0D 43 18 42 C6 02
09 43 0E 4C 0F 4D 0E 88 0F 79 3F 93 1C 38 03 20
3E 90 F1 FF 18 28 0F 93 04 38 15 20 3E 90 10 00
12 2C 0C 5C 0D 6D 0C 5C 0D 6D 0C 58 0D 69 3E 40
05 00 0F 43 B0 12 90 71 0E 4C 0F 4D 4A 4A 0A 5A
8A 4E AC 02 05 3C 4A 4A 0A 5A 9A 42 C6 02 AC 02
82 43 C6 02 15 3C D2 53 6D 03 F2 90 14 00 6D 03
0F 20 5F 42 5C 03 4F 4F DF 43 5C 03 D2 43 61 03
82 43 66 01 C2 43 6D 03 C2 43 6C 03 82 43 C6 02
39 41 38 41 3A 41 30 41 3F E0 00 80 06 12 06 4D
06 56 36 90 01 FF 9E 2C 06 4F 06 56 36 90 01 FF
0E 2C 06 4D 06 56 36 90 00 FF 0B 20 06 4F 06 56
36 90 00 FF 8F 20 06 4D 06 EF 06 56 8B 28 3D 43
89 3C 06 4F 06 56 36 90 00 FF 07 24 3F B0 FF 7F
07 20 06 4D 06 56 7E 20 7D 28 0C 4E 0D 4F 7A 3C
3D B0 FF 7F FA 27 09 12 08 12 07 12 06 4D 07 4F
06 56 07 57 07 96 09 28 02 20 0E 9C 06 28 0F ED
0D EF 0F ED 0E EC 0C EE 0E EC 06 4F 06 56 09 69
86 10 7F D0 80 00 08 4D 08 58 09 69 88 10 78 F3
7D D0 80 00 07 43 46 88 15 24 76 90 F1 FF 0D 2C
76 90 E8 FF 3D 28 07 4E 0E 4F 0F 43 76 50 10 00
09 24 47 93 02 24 37 D0 00 01 0F 11 0E 10 07 10
56 53 FB 23 06 49 06 11 06 E9 16 B3 26 24 37 E3
17 53 0C 7E 4D 7F 10 20 0C 93 07 20 07 93 2F 24
87 10 4D 47 38 80 18 00 06 3C 8C 10 4D 4C 0C ED
87 10 0C D7 38 82 07 43 07 57 0C 6C 4D 6D 09 2C
18 83 07 57 0C 6C 4D 6D 04 2C 18 83 0C 5C 4D 6D
FC 2B 18 93 08 34 0D 43 1C 3C 0C 5E 4D 6F 14 2C
07 57 0C 6C 4D 6D 88 10 0D D8 09 10 0D 10 0C 10
06 28 07 93 02 20 1C B3 02 24 1C 53 0D 63 37 41
38 41 39 41 36 41 30 41 58 53 78 93 EC 23 3D 40
00 FF 0C 43 09 10 0D 10 F2 3F 0A 12 0B 12 08 12
09 12 06 12 07 12 04 12 05 12 0C 12 3B 40 00 11
4F 43 4E 43 2B 53 A1 9B 00 00 02 34 5F 53 06 3C
5E 53 2B 53 BB 90 FF 7F 00 00 F4 23 4F 93 07 20
ED 43 00 00 3A 40 00 80 3B 40 93 44 7D 3C 4E 93
07 20 FD 40 03 00 00 00 0A 43 3B 40 C8 C2 74 3C
CD 43 00 00 1C 4B FE FF 0D 4C 3D E3 0D 5D 0D 7D
B0 12 B2 69 08 4C 09 4D 1C 4B FC FF 0D 4C 3D E3
0D 5D 0D 7D B0 12 B2 69 04 4C 05 4D 1C 4B FA FF
0D 4C 3D E3 0D 5D 0D 7D B0 12 B2 69 06 4C 07 4D
2C 4B 0D 4C 3D E3 0D 5D 0D 7D B0 12 B2 69 0E 44
0F 45 B0 12 08 59 0A 4C 0B 4D 0E 46 0F 47 0C 48
0D 49 B0 12 08 59 0E 4A 0F 4B B0 12 E8 5C 08 4C
09 4D 2C 41 0D 4C 3D E3 0D 5D 0D 7D B0 12 B2 69
0E 44 0F 45 B0 12 08 59 0E 48 0F 49 B0 12 B6 5B
0E 46 0F 47 B0 12 0C 59 0A 4C 0B 4D 3E 40 CE CC
3F 40 CC 3D 0C 4A 0D 4B B0 12 AA 73 0C 93 09 24
0E 43 3F 40 00 3F 0C 4A 0D 4B B0 12 0C 59 0A 4C
0B 4D 3E 40 CD CC 3F 40 CC BD 0C 4A 0D 4B B0 12
B4 73 0C 93 09 24 0E 43 3F 40 00 BF 0C 4A 0D 4B
B0 12 0C 59 0A 4C 0B 4D 0C 4A 0D 4B B0 12 B4 72
21 53 30 40 86 73 06 12 06 4D 06 56 36 90 01 FF
7F 2C 06 4F 06 56 36 90 01 FF 0E 2C 06 4F 36 F0
00 80 0D E6 06 4D 06 56 36 90 00 FF 08 20 06 4F
06 56 6E 20 3D 43 6C 3C 0D 4F 0C 4E 69 3C 06 4F
06 56 36 90 00 FF 36 40 FF 7F 07 20 0D B6 F2 27
0D C6 3D D0 80 7F 0C 43 5B 3C 0D B6 59 24 0F B6
02 20 0D C6 F8 3F 08 12 08 4D 08 58 88 10 78 F3
06 4F 06 56 86 10 76 F3 08 56 06 4D 38 80 7E 00
49 30 02 12 32 C2 3D D0 80 00 3F D0 80 00 82 4E
30 01 82 4C 38 01 82 4E 34 01 1E 42 3A 01 92 42
3C 01 3A 01 82 43 3C 01 C2 4D 38 01 82 4C 34 01
C2 4F 38 01 C2 4F 34 01 1F 42 3A 01 92 42 3C 01
3A 01 C2 4D 38 01 1C 42 3A 01 32 41 0E 5E 0F 6F
0C 6C 04 2C 0E 5E 0F 6F 0C 6C 18 83 38 90 FF 00
1B 34 08 93 1F 24 16 30 4D 48 4D EC 0D EC 8D 10
4C EF 0C EF 8C 10 06 56 0D 10 0C 10 08 28 4F 93
04 20 0E 93 02 20 1C B3 02 24 1C 53 0D 63 38 41
36 41 30 41 0D 43 02 3C 3D 40 00 FF 06 56 0D 10
0C 43 F5 3F 3C 93 F6 23 3F F0 00 FE 3F 90 00 FE
F1 23 3D 40 00 01 F2 3F 06 12 06 4D 06 56 36 90
01 FF 73 2C 06 4F 06 56 36 90 01 FF 0A 2C 06 4F
36 F0 00 80 0D E6 3D B0 FF 7F 05 20 3F B0 FF 7F
64 20 3D 43 62 3C 3F B0 FF 7F 06 20 0C 43 3D F0
00 80 3D D0 80 7F 59 3C 06 4F 06 56 36 90 00 FF
09 20 06 4D 06 56 36 90 00 FF EB 27 3D C0 FF 7F
0C 43 4B 3C 06 4D 06 56 36 90 00 FF 46 24 0A 12
0B 12 08 12 0B 4D 0A 4C 0F 5F 0D 5D 08 4F 0F 10
8D 10 88 10 7D F3 78 F3 38 80 7F 00 0D 88 26 30
08 4D 3F D0 80 00 7B D0 80 00 1C 43 0D 43 0A 8E
4B 7F 38 2C 18 83 1A 30 0A 5A 4B 6B 0A 5E 4B 6F
0A 5A 4B 6B 31 28 0A 8E 4B 7F 12 D3 0C 6C 4D 6D
F7 2B 38 90 FF 00 03 38 3D 40 00 FF 08 3C 08 93
0A 20 1C D3 3C 93 02 20 7D 93 05 24 0D 43 0C 43
0F 6F 0D 10 07 3C 88 10 0D D8 0F 6F 0D 10 0C 10
0C 63 0D 63 38 41 3B 41 3A 41 36 41 30 41 0C 6C
4D 6D 08 28 0A 93 DD 23 4B 93 DB 23 2C B3 D9 23
1C C3 D7 3F 0A 5A 4B 6B 04 30 0C 6C 4D 6D FA 2B
D0 3F 0A 8E 4B 7F EB 2F 0C 6C 4D 6D CA 2F 0A 5A
4B 6B 0A 5E 4B 6F C1 3F 0D 12 0C 12 0F 12 0E 12
B2 40 0C 5A 20 01 F2 90 11 00 66 03 06 20 92 53
C0 02 82 63 C2 02 92 53 C4 02 B2 90 50 46 C4 02
05 28 82 43 C4 02 F2 40 55 00 5A 03 1F 42 12 02
02 12 32 C2 82 4F 30 01 B2 40 2C 01 38 01 82 4F
34 01 1E 42 3A 01 92 42 3C 01 3A 01 82 43 38 01
1F 42 3A 01 32 41 82 9F C2 02 16 28 03 20 82 9E
C0 02 12 28 82 43 C0 02 82 43 C2 02 B2 40 05 00
BE 02 F2 40 55 00 EE 02 B2 40 0A 00 B8 02 B0 12
4E 6B B1 C0 D0 00 08 00 F2 90 55 00 56 03 04 24
F2 90 55 00 55 03 3F 20 F2 53 67 03 C2 93 67 03
3A 20 F2 C2 35 00 F2 40 11 00 DC 02 D2 D3 19 00
F2 40 11 00 56 03 F2 40 11 00 57 03 C2 43 54 03
F2 40 11 00 66 03 C2 43 53 03 F2 90 55 00 55 03
1D 20 F2 40 11 00 55 03 E2 D2 25 00 F2 40 11 00
57 03 F2 40 55 00 58 03 D2 43 69 03 82 43 C0 02
82 43 C2 02 B2 40 05 00 BE 02 F2 40 55 00 EE 02
B2 40 0A 00 B8 02 B0 12 4E 6B 05 3C B0 12 D4 63
32 D2 32 D0 D0 00 3E 41 3F 41 3C 41 3D 41 00 13
0A 12 0A 4C FA 40 7E 00 00 00 FA 40 30 00 01 00
FA 40 2A 00 02 00 FA 43 03 00 FA 43 04 00 FA 43
05 00 FA 43 06 00 FA 43 07 00 FA 43 08 00 EA 43
09 00 FA 40 AB 00 0A 00 FA 40 1E 00 0C 00 DA 4D
1A 00 0D 00 DA 4D 1B 00 0E 00 DA 4D 1C 00 0F 00
DA 4D 1D 00 10 00 DA 4D 1E 00 11 00 DA 4D 1F 00
12 00 DA 4D 03 00 13 00 DA 4D 02 00 14 00 DA 4D
05 00 15 00 DA 4D 04 00 16 00 DA 4D 07 00 17 00
DA 4D 06 00 18 00 FA 43 19 00 DA 4D 08 00 1A 00
DA 4D 0A 00 1B 00 DA 4D 0C 00 1C 00 DA 4D 0E 00
1D 00 DA 4D 10 00 1E 00 DA 4D 13 00 1F 00 DA 4D
12 00 20 00 DA 4D 15 00 21 00 DA 4D 14 00 22 00
DA 42 A7 02 23 00 DA 42 A6 02 24 00 DA 42 A9 02
25 00 DA 42 A8 02 26 00 DA 42 AB 02 27 00 DA 42
AA 02 28 00 FA 40 BA 00 29 00 DA 42 F3 02 2A 00
0D 4A 3D 50 0A 00 7C 40 21 00 B0 12 FC 6D 82 4C
A2 02 DA 42 A2 02 2B 00 DA 42 A3 02 2C 00 FA 40
CC 00 2D 00 FA 40 CC 00 2E 00 F2 40 2F 00 F1 02
3A 41 30 41 FC 40 7E 00 00 00 FC 40 F8 00 01 00
FC 40 0F 00 02 00 FC 40 99 00 03 00 FC 40 99 00
04 00 FC 40 99 00 05 00 FC 40 99 00 06 00 FC 40
99 00 07 00 FC 40 99 00 08 00 FC 40 31 00 09 00
DC 4D 1A 00 0A 00 DC 4D 1B 00 0B 00 DC 4D 1C 00
0C 00 DC 4D 1D 00 0D 00 DC 4D 1E 00 0E 00 DC 4D
1F 00 0F 00 FC 40 CC 00 12 00 FC 40 CC 00 13 00
F2 40 14 00 F1 02 F2 90 55 00 57 03 07 20 DC 4D
16 00 10 00 FC 40 07 00 11 00 30 41 DC 4D 0E 00
10 00 DC 4D 10 00 11 00 F2 90 55 00 6A 03 36 20
FC 40 14 00 02 00 FC 40 32 00 09 00 DC 4D 3A 00
0A 00 DC 4D 3B 00 0B 00 DC 4D 3C 00 0C 00 DC 4D
3D 00 0D 00 DC 4D 3E 00 0E 00 DC 4D 3F 00 0F 00
DC 4D 2E 00 10 00 DC 4D 30 00 11 00 FC 40 A2 00
12 00 FC 40 2A 00 13 00 FC 40 3A 00 14 00 FC 40
5B 00 15 00 FC 40 4C 00 16 00 FC 40 CC 00 17 00
FC 40 CC 00 18 00 F2 40 19 00 F1 02 30 41 0A 12
0B 12 08 12 09 12 06 12 4A 4C 4B 4D 48 4E 09 4F
4C 4B 7C F0 07 00 7C D0 B0 00 B0 12 40 73 4C 4A
3C 52 0C 11 0C 11 0C 11 0C 11 7C D0 10 00 B0 12
40 73 4C 4A 7C 52 7C F0 0F 00 B0 12 40 73 4F 43
12 3C 4C 4D 4E 4F 0E 5E 0E 5E 0E 5E 0E 5E 0E 5E
0C 5E 0E 49 0E 5C 6C 4E B0 12 16 73 5D 53 7D 90
10 00 EF 2B 5F 53 4F 98 02 2C 4D 43 F8 3F 7B 53
7B F0 07 00 7B D0 B0 00 4C 4B B0 12 40 73 4C 4A
3C 52 0C 11 0C 11 0C 11 0C 11 7C D0 10 00 B0 12
40 73 7A 52 7A F0 0F 00 4C 4A B0 12 40 73 4F 43
13 3C 4B 4D 4E 4F 0E 5E 0E 5E 0E 5E 0E 5E 0E 5E
0B 5E 0E 49 0E 5B 5C 4E 10 00 B0 12 16 73 5D 53
7D 90 10 00 EE 2B 5F 53 4F 98 02 2C 4D 43 F8 3F
30 40 8C 73 0A 12 0B 12 08 12 09 12 06 12 4A 4C
4B 4D 48 4E 09 4F 4C 4B 7C F0 07 00 7C D0 B0 00
B0 12 40 73 4C 4A 2C 52 0C 11 0C 11 0C 11 0C 11
7C D0 10 00 B0 12 40 73 4C 4A 6C 52 7C F0 0F 00
B0 12 40 73 4F 43 10 3C 4C 4D 4E 4F 0E 5E 0E 5E
0E 5E 0E 5E 0C 5E 0E 49 0E 5C 6C 4E B0 12 16 73
5D 53 7D 92 F1 2B 5F 53 4F 98 02 2C 4D 43 F9 3F
7B 53 7B F0 07 00 7B D0 B0 00 4C 4B B0 12 40 73
4C 4A 2C 52 0C 11 0C 11 0C 11 0C 11 7C D0 10 00
B0 12 40 73 6A 52 7A F0 0F 00 4C 4A B0 12 40 73
4F 43 11 3C 4B 4D 4E 4F 0E 5E 0E 5E 0E 5E 0E 5E
0B 5E 0E 49 0E 5B 5C 4E 08 00 B0 12 16 73 5D 53
7D 92 F0 2B 5F 53 4F 98 02 2C 4D 43 F9 3F 30 40
8C 73 D2 C3 1D 00 3F 40 41 00 3F 53 FE 2F D2 D3
1D 00 3F 40 41 00 3F 53 FE 2F 7C 40 E2 00 B0 12
40 73 3F 40 41 00 3F 53 FE 2F 7C 40 A2 00 B0 12
40 73 7C 40 2C 00 B0 12 40 73 3F 40 41 00 3F 53
FE 2F 7C 40 2E 00 B0 12 40 73 3F 40 41 00 3F 53
FE 2F 7C 40 2F 00 B0 12 40 73 3F 40 41 00 3F 53
FE 2F 7C 40 A0 00 B0 12 40 73 7C 40 C0 00 B0 12
40 73 7C 40 81 00 B0 12 40 73 7C 40 30 00 B0 12
40 73 7C 40 23 00 B0 12 40 73 7C 40 A6 00 B0 12
40 73 7C 40 A4 00 B0 12 40 73 B0 12 50 71 7C 40
AF 00 B0 12 40 73 7C 40 40 00 B0 12 40 73 7C 40
B0 00 B0 12 40 73 7C 40 10 00 B0 12 40 73 5C 43
30 40 40 73 F2 D0 20 00 1D 00 D2 D3 19 00 F2 D0
10 00 29 00 82 43 BC 02 F2 40 03 00 DA 02 F2 C2
35 00 F2 40 11 00 DC 02 C2 43 54 03 F2 40 11 00
57 03 C2 43 62 03 C2 43 63 03 C2 43 65 03 C2 43
60 03 C2 43 64 03 F2 40 40 00 04 00 C2 43 F0 02
C2 43 52 03 C2 43 53 03 E2 D2 25 00 F2 40 11 00
55 03 F2 40 11 00 56 03 F2 40 11 00 66 03 7C 40
A5 00 B0 12 40 73 7C 40 AE 00 B0 12 40 73 F2 43
32 00 C2 43 31 00 B0 12 44 6A E2 C2 29 00 E2 C3
29 00 D2 C3 29 00 82 43 C0 02 82 43 C2 02 82 43
B4 02 F2 40 11 00 E4 02 F2 40 80 00 2C 00 C2 43
2B 00 F2 40 80 00 2D 00 30 41 0F 12 0E 12 B2 40
80 5A 20 01 C2 43 2B 00 3F 40 F4 01 01 3C 03 43
3F 53 0F 93 FC 23 5E 42 28 00 7E F0 80 00 C2 4E
E0 02 C2 93 E0 02 3C 20 F2 40 55 00 E4 02 C2 43
2D 00 82 43 B4 02 E2 93 DA 02 19 20 B1 C0 F0 00
04 00 32 D2 B2 40 20 01 80 01 B2 D0 10 00 84 01
82 43 90 01 B2 40 AE 07 94 01 82 43 82 01 E2 C2
29 00 E2 C3 29 00 D2 C3 29 00 32 D0 D0 00 F2 90
03 00 DA 02 15 20 82 43 60 01 82 43 62 01 82 43
64 01 82 43 66 01 B2 40 20 01 80 01 B2 D0 10 00
84 01 82 43 90 01 B2 40 AE 07 94 01 82 43 82 01
3E 41 3F 41 00 13 0F 12 0E 12 C2 43 23 00 3F 40
32 00 01 3C 03 43 3F 53 0F 93 FC 23 5E 42 20 00
7E F0 84 00 C2 4E E2 02 5E 42 E2 02 4E 83 1F 24
7E 80 80 00 02 24 6E 82 39 20 F2 40 55 00 DC 02
F2 40 55 00 56 03 D2 C3 19 00 F2 90 03 00 DA 02
07 20 F2 40 03 00 67 03 B1 C0 D0 00 04 00 26 3C
B2 40 0A 00 BA 02 F2 40 55 00 EF 02 1F 3C E2 C2
25 00 F2 40 55 00 57 03 D2 43 69 03 F2 40 55 00
55 03 D2 C3 19 00 F2 90 03 00 DA 02 07 20 F2 40
4B 00 67 03 B1 C0 D0 00 04 00 08 3C 82 43 BC 02
B2 40 FA 00 BA 02 F2 40 55 00 EF 02 3E 41 3F 41
00 13 0A 12 0B 12 08 12 09 12 4A 4C 0B 4D 48 4E
79 40 48 00 0C 4B 3E 40 E8 03 B0 12 84 72 4E 4C
68 92 08 2C 4F 43 7E 40 2E 00 4D 4A 4C 49 B0 12
2E 67 05 3C 4F 43 4D 4A 4C 49 B0 12 2E 67 79 52
0C 4B 3E 40 64 00 B0 12 84 72 3E 40 0A 00 B0 12
84 72 78 90 03 00 08 2C 4F 43 7E 40 2E 00 4D 4A
4C 49 B0 12 2E 67 05 3C 4F 43 4D 4A 4C 49 B0 12
2E 67 79 52 0C 4B 3E 40 0A 00 B0 12 84 72 3E 40
0A 00 B0 12 84 72 4F 43 4D 4A 4C 49 B0 12 2E 67
79 52 0C 4B 3E 40 0A 00 B0 12 84 72 4F 43 4D 4A
4C 49 B0 12 2E 67 30 40 8E 73 0A 12 0A 4D 4C 93
25 20 2C 4A 3E 40 E8 03 B0 12 6E 73 C2 4C E8 02
2C 4A 3E 40 64 00 B0 12 6E 73 3E 40 0A 00 B0 12
6E 73 C2 4E E9 02 2C 4A 3E 40 0A 00 B0 12 6E 73
3E 40 0A 00 B0 12 6E 73 C2 4E EA 02 2C 4A 3E 40
0A 00 B0 12 6E 73 C2 4E EB 02 27 3C 02 12 32 C2
D2 42 E8 02 30 01 B2 40 E8 03 38 01 1E 42 3A 01
32 41 5F 42 E9 02 4F 4F 0F 5F 0F 5F 0D 4F 0F 5F
0F 5F 0F 5F 0D 5F 0F 5F 0F 5D 0E 5F 5F 42 EA 02
4F 4F 0F 5F 0D 4F 0F 5F 0F 5F 0F 5D 0E 5F 5F 42
EB 02 4F 4F 0E 5F 8A 4E 00 00 3A 41 30 41 0A 12
0B 12 08 12 4A 4C 4B 4E 0B 5B 0B 5B 0B 5B 0B 5B
4C 4D 7C F0 07 00 7C D0 B0 00 B0 12 40 73 4C 4A
8C 11 3C 52 0C 11 0C 11 0C 11 0C 11 7C D0 10 00
B0 12 40 73 4C 4A 7C 52 7C F0 0F 00 B0 12 40 73
48 43 06 3C 5C 4B 0E 12 B0 12 16 73 1B 53 58 53
78 92 F8 2B 7D 53 4C 4D 7C F0 07 00 7C D0 B0 00
B0 12 40 73 4C 4A 8C 11 3C 52 0C 11 0C 11 0C 11
0C 11 7C D0 10 00 B0 12 40 73 7A 52 7A F0 0F 00
4C 4A B0 12 40 73 48 43 07 3C 4C 4F 5C 5B 0E 12
B0 12 16 73 1B 53 58 53 78 92 F7 2B 7D 53 30 40
90 73 F2 D0 58 00 26 00 F2 D0 10 00 26 00 F2 D0
10 00 22 00 E2 42 24 00 C2 43 23 00 F2 40 84 00
25 00 F2 40 17 00 2A 00 E2 D2 37 00 B2 40 12 02
60 01 82 43 62 01 B2 40 C0 00 64 01 B2 40 00 81
66 01 B2 40 00 30 72 01 B2 40 00 20 74 01 82 43
70 01 B2 40 22 01 80 01 B2 40 10 00 84 01 82 43
86 01 82 43 82 01 82 43 90 01 B2 40 AE 07 94 01
B2 40 B0 02 A0 01 B2 40 18 22 A2 01 F2 40 12 00
82 00 C2 43 75 00 F2 40 D0 00 74 00 F2 40 10 00
70 00 F2 40 20 00 71 00 F2 40 40 00 04 00 F2 40
C0 00 00 00 30 41 0A 12 0B 12 4A 4C 4F 4E 0F 5F
0F 5F 0F 5F 0F 5F 4C 4D 7C F0 07 00 7C D0 B0 00
B0 12 40 73 4C 4A 12 C3 4C 10 4C 11 4C 11 4C 11
7C D0 10 00 B0 12 40 73 4C 4A 7C F0 0F 00 B0 12
40 73 4B 43 08 3C 5C 4F 6E 11 7C D0 C0 00 B0 12
16 73 1F 53 5B 53 7B 92 F6 2B 7D 53 7D F0 07 00
7D D0 B0 00 4C 4D B0 12 40 73 4C 4A 12 C3 4C 10
4C 11 4C 11 4C 11 7C D0 10 00 B0 12 40 73 7A F0
0F 00 4C 4A B0 12 40 73 4B 43 08 3C 5C 4F 6E 11
7C D0 18 00 B0 12 16 73 1F 53 5B 53 7B 92 F6 2B
3B 41 3A 41 30 41 0D 12 0C 12 0F 12 0E 12 1F 42
2E 01 2F 83 03 24 3F 82 13 24 3E 3C 92 C3 64 01
D2 93 60 03 39 20 D2 53 64 03 F2 90 03 00 64 03
33 28 D2 43 6B 03 C2 43 64 03 C2 43 60 03 2C 3C
B2 40 00 20 74 01 92 C3 60 01 C2 93 60 03 10 20
F2 90 11 00 DC 02 0C 20 C2 93 61 03 03 20 B0 12
8C 57 1A 3C 92 B3 66 01 17 28 92 C3 66 01 14 3C
92 B3 66 01 02 28 92 C3 66 01 D2 93 60 03 0C 20
D2 53 64 03 F2 90 03 00 64 03 06 28 D2 43 6B 03
C2 43 64 03 C2 43 60 03 3E 41 3F 41 3C 41 3D 41
00 13 0D 93 08 34 08 12 3C E3 3D E3 1C 53 0D 63
38 40 97 01 03 3C 08 12 38 40 97 00 3D 90 00 01
1C 2C 0D 93 0F 20 3C 90 00 01 06 28 8C 10 4D 4C
3C C0 FF 00 38 82 06 3C 0C 93 0D 24 0D 4C 0C 43
38 80 10 00 18 83 0C 5C 4D 6D FC 2B 08 11 4D 10
0C 10 88 10 0D D8 38 41 30 41 07 12 47 43 3D 90
00 02 08 28 12 C3 0D 10 0C 10 47 10 18 53 3D 90
00 02 F8 2F 08 11 4D 10 0C 10 88 10 0D D8 47 67
06 28 12 C3 47 10 01 20 02 28 1C 53 0D 63 37 41
38 41 30 41 F2 C0 40 00 26 00 F2 C0 40 00 21 00
E2 42 24 00 C2 43 23 00 F2 40 84 00 25 00 F2 D0
68 00 2A 00 F2 F0 97 00 29 00 E2 C2 37 00 F2 C0
10 00 26 00 F2 C0 10 00 22 00 82 43 60 01 82 43
62 01 82 43 64 01 82 43 66 01 82 43 70 01 B2 40
10 01 80 01 B2 40 10 00 82 01 82 43 84 01 B2 40
99 19 92 01 82 43 90 01 A2 C3 A0 01 82 43 A0 01
82 43 A2 01 C2 43 82 00 82 43 A6 01 F2 40 40 00
04 00 F2 40 C0 00 00 00 30 41 0A 12 4F 4C 4C 4D
7C F0 07 00 7C D0 B0 00 B0 12 40 73 4C 4F 12 C3
4C 10 4C 11 4C 11 4C 11 7C D0 10 00 B0 12 40 73
4C 4F 7C F0 0F 00 B0 12 40 73 4A 43 04 3C 7C 43
B0 12 16 73 5A 53 6A 93 FA 2B 7D 53 7D F0 07 00
7D D0 B0 00 4C 4D B0 12 40 73 4C 4F 12 C3 4C 10
4C 11 4C 11 4C 11 7C D0 10 00 B0 12 40 73 7F F0
0F 00 4C 4F B0 12 40 73 4A 43 05 3C 7C 40 F8 00
B0 12 16 73 5A 53 6A 93 F9 2B 3A 41 30 41 D2 C3
19 00 82 43 BC 02 F2 C0 10 00 29 00 F2 40 11 00
E5 02 82 43 AC 02 82 43 AE 02 82 43 B0 02 C2 43
6C 03 82 43 C6 02 C2 43 6D 03 C2 43 61 03 D2 43
5C 03 E2 C2 29 00 E2 C3 29 00 D2 C3 29 00 D2 43
DA 02 B0 12 D2 67 F2 90 55 00 56 03 04 24 F2 90
55 00 55 03 13 20 F2 C2 35 00 F2 40 11 00 DC 02
F2 40 55 00 EF 02 F2 90 55 00 55 03 04 20 B2 40
FA 00 BA 02 30 41 B2 40 0A 00 BA 02 30 41 0F 12
0E 12 D2 43 60 03 C2 43 64 03 5E 42 76 00 5F 42
F0 02 4F 4F CF 4E 23 03 D2 53 F0 02 F2 90 03 00
DA 02 11 20 F2 90 11 00 66 03 0D 20 F2 40 55 00
66 03 92 C3 64 01 B2 40 10 00 64 01 82 43 70 01
B2 40 A4 00 74 01 F2 90 03 00 F0 02 06 20 5E 42
25 03 7E 50 05 00 C2 4E F2 02 E2 92 F0 02 0A 28
D2 92 F2 02 F0 02 06 20 C2 43 60 03 D2 43 62 03
C2 43 04 00 3E 41 3F 41 00 13 C2 43 25 00 F2 C0
10 00 22 00 F2 C0 40 00 26 00 F2 C0 40 00 21 00
F2 C2 26 00 F2 C0 10 00 26 00 E2 C2 37 00 F2 D0
68 00 2A 00 F2 F0 97 00 29 00 82 43 60 01 82 43
62 01 82 43 64 01 82 43 66 01 82 43 80 01 82 43
84 01 82 43 82 01 82 43 86 01 82 43 90 01 82 43
94 01 A2 C3 A0 01 82 43 A0 01 82 43 A2 01 C2 43
82 00 82 43 A6 01 C2 43 04 00 C2 43 00 00 30 41
0A 12 0B 12 0D 4C 3D 50 22 00 0A 4C 2A 53 4E 43
09 3C 4E 4E 0B 4A 0B 5E 4E 4E 0F 4D 0F 5E EF 4B
00 00 5E 53 7E 90 1E 00 F4 2B FC 40 0A 00 12 00
CC 43 13 00 FC 40 0A 00 32 00 CC 43 33 00 0D 4C
3D 50 82 00 0A 4C 3A 50 92 00 4E 43 09 3C 4E 4E
0B 4A 0B 5E 4E 4E 0F 4D 0F 5E EF 4B 00 00 5E 53
7E 90 0F 00 F4 2B FC 40 A9 00 00 00 3B 41 3A 41
30 41 5C 43 B0 12 9A 6D 7C 40 03 00 B0 12 9A 6D
7C 40 05 00 B0 12 9A 6D 7C 40 07 00 B0 12 9A 6D
3F 40 3E 15 6E 42 7D 40 07 00 7C 40 14 00 B0 12
6E 61 3F 40 BE 15 6E 42 7D 40 05 00 7C 40 14 00
B0 12 6E 61 3F 40 DE 25 7E 40 05 00 7D 40 03 00
7C 40 14 00 B0 12 6E 61 3F 40 1E 1F 7E 40 05 00
5D 43 7C 40 14 00 30 40 6E 61 4F 4C 4C 4F 7C F0
07 00 7C D0 B0 00 B0 12 40 73 7C 40 10 00 B0 12
40 73 4C 43 B0 12 40 73 4D 43 04 3C 4C 43 B0 12
16 73 5D 53 7D 90 84 00 F9 2B 7F 53 7F F0 07 00
7F D0 B0 00 4C 4F B0 12 40 73 7C 40 10 00 B0 12
40 73 4C 43 B0 12 40 73 4D 43 04 3C 4C 43 B0 12
16 73 5D 53 7D 90 84 00 F9 2B 30 41 0A 12 4A 4C
3C 43 26 3C 4E 4C 7E F0 0F 00 12 C3 0C 10 0C 11
0C 11 0C 11 4E 4E 6F 4D 4F 4F 3F F0 0F 00 0E EF
0E 5E 1C EE 46 11 4E 4C 7E F0 0F 00 12 C3 0C 10
0C 11 0C 11 0C 11 4E 4E 6F 4D 12 C3 4F 10 4F 11
4F 11 4F 11 4F 4F 0E EF 0E 5E 1C EE 46 11 1D 53
4E 4A 4A 4E 7A 53 4E 93 D5 23 3A 41 30 41 0A 12
0B 12 FC 90 A9 00 00 00 27 20 0D 4C 2D 53 0A 4C
3A 50 22 00 4E 43 09 3C 4E 4E 0B 4A 0B 5E 4E 4E
0F 4D 0F 5E EF 4B 00 00 5E 53 7E 90 1E 00 F4 2B
0D 4C 3D 50 92 00 3C 50 82 00 0A 4C 4E 43 09 3C
4E 4E 0B 4A 0B 5E 4E 4E 0F 4D 0F 5E EF 4B 00 00
5E 53 7E 90 0F 00 F4 2B 3B 41 3A 41 30 41 0A 12
FC 40 0A 00 12 00 CC 43 13 00 DC 43 14 00 CC 43
15 00 FC 40 64 00 16 00 CC 43 17 00 CC 43 9E 00
CC 43 9F 00 CC 43 A0 00 FC 90 A9 00 00 00 13 20
0D 4C 3D 50 92 00 3C 50 82 00 4E 43 09 3C 4E 4E
0A 4C 0A 5E 4E 4E 0F 4D 0F 5E EF 4A 00 00 5E 53
7E 90 0C 00 F4 2B 3A 41 30 41 06 12 06 4D 06 56
36 90 01 FF 23 2C 06 4F 06 56 36 90 01 FF 1E 2C
3D B0 FF 7F 06 20 06 4F 06 56 01 20 12 D3 36 41
30 41 06 4F 06 56 03 20 0D FD 10 30 F7 3F 07 28
0D FD F4 37 0F 9D F3 23 0E 9C F1 23 EF 3F 0D FD
05 30 0D 9F EC 23 0C 9E EA 23 E8 3F 12 C3 E7 3F
0A 12 4A 4C 4C 4D 4D 4E 7C F0 07 00 7C D0 B0 00
B0 12 40 73 4C 4A 3C 52 0C 11 0C 11 0C 11 0C 11
7C D0 10 00 B0 12 40 73 7A 52 7A F0 0F 00 4C 4A
B0 12 40 73 4D 5D 4D 5D 4D 5D 4A 43 08 3C 4A 4A
0E 4F 0E 5A 6C 4E B0 12 16 73 5A 53 5A 53 4A 9D
F6 2B 3A 41 30 41 F2 40 88 00 58 00 F2 40 73 00
22 00 C2 43 25 00 F2 C0 20 00 21 00 F2 40 17 00
2A 00 F2 40 80 00 2C 00 C2 43 2B 00 F2 40 80 00
2D 00 F2 40 DF 00 1A 00 F2 D0 30 00 1B 00 F2 43
1E 00 F2 C0 80 00 1D 00 F2 43 32 00 F2 40 FB 00
36 00 B2 40 44 A5 2A 01 30 41 06 12 06 4D 06 56
36 90 01 FF 0B 2C 06 4F 06 56 36 90 01 FF 06 2C
3F B0 FF 7F 06 20 06 4D 06 56 01 20 12 C3 36 41
30 41 06 4D 06 56 03 20 0F FF F8 33 F8 3F 07 28
0F FF F5 37 0D 9F F3 23 0C 9E F0 27 F0 3F 0F FF
ED 33 0F 9D EC 23 0E 9C E9 27 E9 3F FC 40 7E 00
00 00 FC 40 F8 00 01 00 FC 40 07 00 02 00 FC 40
99 00 03 00 FC 40 99 00 04 00 FC 40 99 00 05 00
FC 40 99 00 06 00 FC 40 99 00 07 00 FC 40 99 00
08 00 FC 40 30 00 09 00 FC 40 CC 00 0A 00 FC 40
CC 00 0B 00 F2 40 0C 00 F1 02 30 41 06 12 07 12
06 4D 7D D0 80 00 06 66 07 67 86 10 76 F3 76 80
7F 00 14 28 76 80 18 00 0A 28 36 92 12 34 0C 5C
0D 6D 56 83 FC 2F 07 10 37 41 36 41 30 41 76 E3
FA 27 0D 11 0C 10 56 83 FC 23 F5 3F 0C 43 0D 43
F2 3F 3C 43 3D 43 EF 3F B2 40 80 5A 20 01 32 C2
03 43 B2 40 02 A5 28 01 B2 40 00 A5 2C 01 CD 43
00 00 B2 40 40 A5 28 01 4F 43 05 3C ED 4C 00 00
1C 53 1D 53 5F 53 4F 9E F9 2B B2 40 00 A5 28 01
B2 40 10 A5 2C 01 B2 40 0C 5A 20 01 32 D2 30 41
7C 40 40 00 B0 12 40 73 0F 43 08 3C 4C 43 B0 12
16 73 1D 53 3D 90 84 00 F9 2B 1F 53 3F 92 0F 2C
5C 4F 66 11 7C D0 B0 00 B0 12 40 73 7C 40 10 00
B0 12 40 73 4C 43 B0 12 40 73 0D 43 EB 3F 30 41
09 12 09 43 0F 93 05 34 3E E3 3F E3 1E 53 0F 63
19 D3 0D 93 05 34 3C E3 3D E3 1C 53 0D 63 39 E3
B0 12 48 72 19 B3 04 24 3C E3 3D E3 1C 53 0D 63
29 B3 04 24 3E E3 3F E3 1E 53 0F 63 39 41 30 41
4E 43 1A 3C C2 43 32 00 E2 C2 1D 00 E2 C3 1D 00
F2 C0 10 00 1D 00 F2 D2 1D 00 F2 D0 10 00 1D 00
F2 D2 1D 00 C2 93 30 00 02 38 7E 40 03 00 5E 53
E2 D3 1D 00 F2 43 32 00 7E 90 03 00 E3 2B 30 41
0A 12 7A 40 03 00 7A 53 4A 93 03 24 92 B3 2C 01
FA 2F 4F 43 0D 3C EC 4D 00 00 1D 53 1C 53 7A 40
03 00 7A 53 4A 93 03 24 92 B3 2C 01 FA 2F 5F 53
4F 9E F1 2B 3A 41 30 41 09 12 0A 12 0B 12 0A 43
0B 43 39 40 20 00 0C 5C 0D 6D 0A 6A 0B 6B 0A 8E
0B 7F 04 28 1C D3 39 53 F6 23 04 3C 0A 5E 0B 6F
39 53 F1 23 0E 4A 0F 4B 3B 41 3A 41 39 41 30 41
8C 11 8E 11 09 12 09 43 0E 93 03 34 3E E3 1E 53
19 D3 0C 93 03 34 3C E3 1C 53 39 E3 B0 12 6E 73
19 B3 02 24 3C E3 1C 53 29 B3 02 24 3E E3 1E 53
39 41 30 41 B0 12 BC 70 0F 28 3D 90 00 80 06 20
0C 93 09 24 3D 40 00 80 0C 43 30 41 FB 2F 3C E3
3D E3 1C 53 0D 63 30 41 3D B0 00 80 FC 27 3D 40
FF 7F 3C 43 30 41 0F 12 D2 43 60 03 C2 43 64 03
D2 53 F0 02 D2 92 F1 02 F0 02 05 20 C2 43 60 03
D2 43 63 03 06 3C 5F 42 F0 02 4F 4F D2 4F F4 02
77 00 3F 41 00 13 B0 12 D0 71 E2 D2 1D 00 E2 C3
1D 00 C2 4C 31 00 F2 D0 10 00 1D 00 F2 C2 1D 00
F2 D0 10 00 1D 00 F2 D2 1D 00 E2 D3 1D 00 30 41
B0 12 D0 71 E2 C2 1D 00 E2 C3 1D 00 C2 4C 31 00
F2 D0 10 00 1D 00 F2 C2 1D 00 F2 D0 10 00 1D 00
F2 D2 1D 00 E2 D3 1D 00 30 41 7C F3 7E F3 0F 4E
0D 4C 0E 43 1C 43 0D 5D 0E 6E 0E 9F 01 28 0E 8F
0C 6C F9 2B 30 41 35 41 34 41 37 41 36 41 39 41
38 41 3B 41 3A 41 30 41 0F 4C 0F 5D 03 3C CC 43
00 00 1C 53 0C 9F FB 23 30 41 B0 12 1A 6F 0C 43
0C 63 30 41 B0 12 1A 70 0C 43 0C 63 30 41 30 40
C2 73 30 40 C6 73 FF 3F 
@FFE2
8A 64 
@FFE8
36 65 16 69 
@FFF0
E6 72 CE 6B 
@FFF8
5A 4A 18 5E 
@FFFE
BE 2B 
q
